"subs","lik_RW","lik_RW-D","lik_RW-PH","lik_RW-PH-D","n"
"A100Y89FZO4J0B",246.928243,246.544682,245.0742132,240.2692149,60
"A11S8IAAVDXCUS",254.7530329,242.1191467,253.7924092,254.7746774,60
"A12GJUCS7AJ4K",247.6103881,242.8554566,246.8946802,242.8517417,60
"A16UAN46CNIRHY",259.091717,258.6500691,258.7678588,258.5847656,60
"A19WXS1CLVLEEX",261.2062437,259.5422788,258.7128531,258.0021801,60
"A1DABMXVWWL0TR",269.8266173,269.5795182,269.5141063,268.020224,58
"A1F1BIPJR11LSR",240.7194992,239.9820808,238.9520651,238.7657163,60
"A1HI9B1MMCMVAZ",253.0186043,254.0829497,252.3757906,251.5407134,60
"A1IFIK8J49WBER",264.5409666,262.8693126,261.1260685,259.8916758,58
"A1JV64BL3WCK0G",242.3659425,241.535877,228.6983898,227.5111523,60
"A1MB3A5MC58LK6",249.4352178,247.923406,248.8908277,247.2319699,60
"A1MQ9B05ZMM4YI",250.6636267,250.2842011,249.5077531,249.2701185,60
"A1OSRAPSRT934Z",274.5502538,274.5489381,274.5501726,274.5489364,60
"A1P6OXEJ86HQRM",217.9804146,215.9609635,206.2299959,206.1507392,60
"A1PAY3X73PQ16S",276.6527203,275.8659014,276.3827319,275.6208938,60
"A1PJLZSOUQ4MIL",242.4519864,241.0964219,242.3630647,240.6204686,60
"A1U5BE8XJRXKW3",245.9283929,233.9375317,240.2970832,231.3587235,59
"A1V2H0UF94ATWY",251.5242575,244.9777112,249.1185207,249.0604414,57
"A1VW8Y7XCV3DRW",237.9944361,237.0258461,233.9358022,233.7045578,60
"A1XUZFDVKP95VC",269.8165209,269.3866563,262.2165036,261.2635187,58
"A207IHY6GERCFO",233.0683699,232.0454568,230.7397368,230.2869462,59
"A21ZMR7O42OSMI",251.8340928,251.5372965,248.0070133,246.7248257,60
"A230VUDYOCRZ4N",247.9526455,241.8089803,247.7306405,248.4299663,60
"A2581F7TDPAMBQ",269.3703056,268.826245,261.0830202,260.3701652,60
"A26L91YL0GDGD8",264.1281783,263.1470418,263.8419105,262.7074601,60
"A27HVVLSZZ13XK",276.4029306,276.2536004,275.1382124,273.296259,60
"A27SMEOPKV84VI",266.1023645,265.2473931,262.918371,261.4972953,60
"A289DF24X3Q8JZ",278.3306505,277.1483029,277.2484899,276.4619846,58
"A28G4QO0DRY8OZ",281.7957079,279.3681603,277.3061593,277.2316121,60
"A2BNOEYZ3VRW2R",279.3992134,278.3471988,279.3087974,277.0626253,60
"A2BPBFN87X32NO",239.0963519,238.9440357,237.8657787,237.4475325,60
"A2CCK1JKX48R0H",246.3161934,242.3473164,246.2573236,241.3816509,60
"A2EI075XZT9Y2S",261.777648,260.1420502,260.7273787,259.9426853,60
"A2HHKBW8HQWI66",264.1723121,263.8641394,263.3810714,262.4555364,60
"A2MCG5W6LHSRG9",217.6549891,216.150927,217.6530938,216.0647155,60
"A2MCI9K0K5VX50",267.4674934,267.4056598,266.8294761,266.7489259,60
"A2MFMT03E21ZIT",256.6659724,252.3677266,255.4681401,256.9091149,60
"A2MW2KLUNJ5SF8",233.2722356,226.5859057,229.1051225,233.054191,60
"A2PXJTMWGUE5DC",266.2631655,265.5698192,264.5345605,262.892517,60
"A2SWQM5X54P1O5",257.2395696,254.5324852,257.0096402,255.3273107,60
"A2VBSFSJXLZZ7A",274.75084,274.668862,274.7495203,274.6688284,60
"A2ZDK0Y5466BXN",266.0360862,266.9427005,266.9117652,266.8425518,60
"A2ZJS73XSSMRTD",275.2369387,275.8837095,275.883975,275.8837115,60
"A30RAYNDOWQ61S",261.4174722,259.1103241,261.4070649,258.8936189,60
"A320QA9HJFUOZO",259.7813403,254.3892671,259.714628,253.7629859,59
"A359ETX78LN74M",247.0775059,245.1662491,246.8281885,244.9702466,60
"A37S96RT1P1IT2",275.9568851,274.0830245,274.5934258,274.1643177,60
"A38DXFI1TZA295",282.0493299,281.7341036,281.7337469,281.1268352,60
"A39C1BN9ZSQ0R2",234.338212,232.9554407,232.1795883,229.4487285,60
"A3BHRFFG75X3GO",256.4284444,255.7306807,255.1959655,254.7173561,60
"A3D1VTLX623K6I",253.6738297,249.9624478,251.5918862,249.7716444,60
"A3EJ44J2ZNRMDA",234.7626796,232.0154637,234.2266787,232.0153921,60
"A3FHFGC3V9B3OJ",264.7874544,264.5402599,264.7865071,264.5144321,60
"A3FOKP72T5I4FR",275.7643039,275.2729886,271.1876903,270.5880119,60
"A3GIIL73GE2CBQ",268.0207117,267.8431768,268.0162411,266.3461433,60
"A3GK90X2QOFR53",256.1415662,252.7045078,255.7782858,255.4145002,59
"A3HSMUPSPOKD0M",231.4416084,226.7001113,231.1011126,226.5382523,60
"A3KCUB6P3IE8NL",273.1347496,272.1541661,268.5072782,268.4974005,60
"A3SKEW89V5S0DI",284.8611515,282.6673526,284.5917517,284.1709251,60
"A3TUV36R7RR04T",244.473682,244.4412299,238.3906229,238.3591329,59
"A3U21PUMQ6NGT2",278.5464879,277.8898952,276.3207977,275.9003098,60
"A4W9APAHFWVLO",251.4993302,246.9258736,248.4634723,245.7666201,60
"A5LLSZG8YCAZF",258.95075,257.4802113,258.4810147,257.1732673,60
"A87D3K9YVKTQ7",286.8334706,285.7583305,286.4055239,285.4478319,59
"A8FUMDQFBKMXR",270.9907617,270.9874922,270.6359667,270.25684,59
"A8OE2E20OZYKI",295.5590716,294.5894706,277.501858,277.2865147,60
"A9HQ3E0F2AGVO",262.4027578,261.7879381,260.2388931,259.8426003,59
"ACSS93E03ZUGX",267.0447391,261.2991132,267.0331597,261.2399107,59
"AETIZKQNUSBLB",247.1790047,231.0689135,245.8783611,230.582952,60
"AFKZZEURTCR8U",260.6240222,254.1401586,246.0143065,245.3993657,58
"ANUXUJE8QRE0C",242.1073899,241.3155988,240.6627939,241.8303502,60
"ANVAFB99K5RKP",263.0780593,262.4303979,262.5584582,261.9539899,60
"APGX2WZ59OWDN",213.179112,210.3826499,209.1410902,207.4033652,60
"APR6H3HAOE9OU",231.9887105,234.425946,227.1525767,226.5812369,60
"AQJWO4YPR3LUQ",268.7510287,268.6756427,266.7493558,266.7341712,60
"ARVXIBUCA8WDZ",267.6584521,267.3105808,267.1336777,266.9099684,60
"AURYD2FH3FUOQ",272.9105039,272.2078458,271.3287086,270.1342428,60
"AW0K78T4I2T72",242.0512269,239.0997837,241.1565782,237.0647767,60
"AW0MG225VXWCN",240.5886025,241.5838002,238.3071312,238.3071332,60
"AYCHPTQRYDT7G",278.6375796,278.5086385,277.7307309,277.5464012,60
"AZNIEFUIVB2H0",275.2435282,277.7162594,277.7137711,277.7133501,60
