"subs","eta","nu","lambda","kappa","lik","hitrate","hitrate_negPE","hitrate_posPE","posnegRatio"
"A100Y89FZO4J0B",9.999999754,-11.66792688,0.251808098,-11.2,240.2692149,0.583333333333333,0.666666666666667,0.533333333333333,-0.228571428571429
"A11S8IAAVDXCUS",0.0756,14.99998945,1.305961501,1.5,254.7746774,0.833333333333333,0.944444444444444,0.766666666666667,-0.213333333333333
"A12GJUCS7AJ4K",2.65,-3.729994843,0.059555832,0.0809,242.8517417,0.645833333333333,0.714285714285714,0.55,-0.254377880184332
"A16UAN46CNIRHY",-3.33,-14.99981399,1.374016232,1.44,258.5847656,0.958333333333333,1,0.916666666666667,-0.0869565217391305
"A19WXS1CLVLEEX",-1.44,-12.68299684,9.990200093,1.95,258.0021801,0.625,0.75,0.5,-0.4
"A1DABMXVWWL0TR",-0.756,-14.99981823,0.994097424,-11.88368545,268.020224,0.895833333333333,0.9375,0.9,-0.0418604651162791
"A1F1BIPJR11LSR",-0.614392507,-0.820357151,9.87264199,1.13,238.7657163,0.645833333333333,0.730769230769231,0.545454545454545,-0.286938867584029
"A1HI9B1MMCMVAZ",0.609621643,-2.125131612,0.307610629,0.738,251.5407134,0.625,0.75,0.5,-0.4
"A1IFIK8J49WBER",-10,8.74,0.007136498,2.556192142,259.8916758,0.8125,0.863636363636364,0.863636363636364,0
"A1JV64BL3WCK0G",0.173,-14.99999719,1.1058536,-8.93,227.5111523,0.791666666666667,0.8,0.785714285714286,-0.018045112781955
"A1MB3A5MC58LK6",-0.969,-14.99993151,1.438922813,-1.32,247.2319699,0.833333333333333,0.875,0.8125,-0.075
"A1MQ9B05ZMM4YI",-0.848,-14.99973423,1.280181094,-6.706525537,249.2701185,0.416666666666667,0.375,0.458333333333333,0.2
"A1OSRAPSRT934Z",-2.18,-0.221017206,1.348168402,0.00396,274.5489364,0.854166666666667,0.833333333333333,0.866666666666667,0.0390243902439024
"A1P6OXEJ86HQRM",-2.051294504,-0.423664807,9.831128855,2.75154426,206.1507392,0.854166666666667,0.846153846153846,0.863636363636364,0.0204673375405083
"A1PAY3X73PQ16S",-1.46,-14.99997871,1.313194168,-1.093898795,275.6208938,0.8125,0.888888888888889,0.766666666666667,-0.15042735042735
"A1PJLZSOUQ4MIL",1.19,-2.26656727,0.225562261,-0.028,240.6204686,0.291666666666667,0.125,0.375,0.857142857142856
"A1U5BE8XJRXKW3",10,-13.18506159,0.009350002,2.823270805,231.3587235,0.583333333333333,0.6,0.571428571428571,-0.0489795918367347
"A1V2H0UF94ATWY",-0.796,0.46392588,9.903885744,2.03,249.0604414,0.833333333333333,0.785714285714286,0.888888888888889,0.123809523809524
"A1VW8Y7XCV3DRW",-0.599,-0.686996535,9.871005736,2.643014698,233.7045578,0.770833333333333,0.666666666666667,0.875,0.27027027027027
"A1XUZFDVKP95VC",-0.27620908,-14.99999604,0.256841696,-20,261.2635187,0.625,0.6875,0.59375,-0.15
"A207IHY6GERCFO",-0.0941,-0.925440193,9.821924037,1.62513068,230.2869462,0.541666666666667,0.428571428571429,0.7,0.501098901098901
"A21ZMR7O42OSMI",-0.57,-14.99999895,0.374680723,-4.165953242,246.7248257,0.916666666666667,1,0.8,-0.218181818181818
"A230VUDYOCRZ4N",0.567,14.99999869,2.01,0.79795011,248.4299663,0.833333333333333,0.833333333333333,0.833333333333333,0
"A2581F7TDPAMBQ",-0.335,-14.99999574,1.286741317,-7.14,260.3701652,0.645833333333333,0.8,0.535714285714286,-0.409216589861751
"A26L91YL0GDGD8",-1.34,-14.99991754,1.020370633,-1.11671704,262.7074601,0.75,0.615384615384615,0.909090909090909,0.391608391608392
"A27HVVLSZZ13XK",10,-14.12920176,0.01450754,1.13,273.296259,0.979166666666667,0.954545454545455,1,0.04642166344294
"A27SMEOPKV84VI",2.272012016,-14.99999508,0.922210058,-3.99,261.4972953,0.708333333333333,0.722222222222222,0.7,-0.0313725490196079
"A289DF24X3Q8JZ",-1.8,-14.9999875,1.120065578,1.26,276.4619846,0.625,0.5,0.666666666666667,0.266666666666667
"A28G4QO0DRY8OZ",-5.48,0.930891627,8.125137145,7.573503172,277.2316121,0.541666666666667,0.458333333333333,0.625,0.307692307692308
"A2BNOEYZ3VRW2R",-6.423915055,14.99809023,9.890269537,6.15,277.0626253,0.645833333333333,0.678571428571429,0.6,-0.121658986175115
"A2BPBFN87X32NO",0.186,-1.061630223,0.604360026,-1.27,237.4475325,0.895833333333333,0.884615384615385,0.909090909090909,0.0273215156936087
"A2CCK1JKX48R0H",0.599,-15,1.260253756,-1.38,241.3816509,0.791666666666667,0.909090909090909,0.692307692307692,-0.273831431726168
"A2EI075XZT9Y2S",-0.518577032,-11.09873815,9.996619554,0.770039835,259.9426853,0.666666666666667,0.6,0.714285714285714,0.171428571428571
"A2HHKBW8HQWI66",-1.45,2.549460661,8.528247362,1.81,262.4555364,0.75,0.730769230769231,0.772727272727273,0.055944055944056
"A2MCG5W6LHSRG9",-1.51,-14.99948625,1.943781048,-0.35,216.0647155,0.916666666666667,0.916666666666667,0.916666666666667,0
"A2MCI9K0K5VX50",-0.138,-0.74761619,0.60517443,1.692091488,266.7489259,0.895833333333333,0.863636363636364,0.923076923076923,0.0663522523987641
"A2MFMT03E21ZIT",-0.335117054,15,1.618680132,1.22,256.9091149,0.5625,0.625,0.53125,-0.166666666666667
"A2MW2KLUNJ5SF8",-0.535,14.99999908,1.742008626,2.03,233.054191,0.75,0.708333333333333,0.791666666666667,0.111111111111111
"A2PXJTMWGUE5DC",-10,8.436471314,0.01033649,3.13,262.892517,0.916666666666667,0.9,0.944444444444444,0.0484848484848484
"A2SWQM5X54P1O5",-0.74776088,-15,1.259155789,0.369,255.3273107,0.6875,0.722222222222222,0.666666666666667,-0.0808080808080808
"A2VBSFSJXLZZ7A",-2.81,-11.85227646,9.939974872,0.020702006,274.6688284,0.791666666666667,0.727272727272727,0.846153846153846,0.150165623849834
"A2ZDK0Y5466BXN",-1.94,-14.99952558,1.781456392,-13.01056755,266.8425518,0.916666666666667,0.958333333333333,0.875,-0.0909090909090909
"A2ZJS73XSSMRTD",-9.96,-4.894497609,0.000362785,-18.7,275.8837115,0.6875,0.55,0.785714285714286,0.342857142857143
"A30RAYNDOWQ61S",-0.325343429,-14.99991031,0.841323538,-0.602,258.8936189,0.875,0.928571428571429,0.852941176470588,-0.0864345738295319
"A320QA9HJFUOZO",9.999997487,-12.0052364,0.014579759,-1.36,253.7629859,0.625,0.571428571428571,0.7,0.205714285714286
"A359ETX78LN74M",-2.18,-14.99999818,1.074593911,0.925208497,244.9702466,0.833333333333333,0.8,0.857142857142857,0.0685714285714285
"A37S96RT1P1IT2",-1.4,-14.99998377,1.034122779,-4.546250568,274.1643177,0.875,0.909090909090909,0.846153846153846,-0.0719280719280719
"A38DXFI1TZA295",-0.692502312,-14.99994009,0.314289805,-9.31,281.1268352,0.625,0.708333333333333,0.541666666666667,-0.266666666666667
"A39C1BN9ZSQ0R2",0.885,-2.005759607,0.146524637,1,229.4487285,1,1,1,0
"A3BHRFFG75X3GO",0.126,-1.538394926,9.900543692,1.33,254.7173561,0.729166666666667,0.875,0.583333333333333,-0.4
"A3D1VTLX623K6I",0.676,-2.365240612,0.133371705,0.739737699,249.7716444,0.5625,0.678571428571429,0.4,-0.495238095238095
"A3EJ44J2ZNRMDA",1.245467841,-1.871015072,0.103111064,0.00989,232.0153921,0.5625,0.727272727272727,0.423076923076923,-0.540792540792541
"A3FHFGC3V9B3OJ",0.547,-1.458250686,9.785707314,-0.245,264.5144321,0.729166666666667,0.8,0.678571428571429,-0.166530612244898
"A3FOKP72T5I4FR",2.33,-4.400583962,0.185139573,-19.99999884,270.5880119,0.604166666666667,0.5,0.678571428571429,0.295566502463054
"A3GIIL73GE2CBQ",-10,9.787132994,0.009601184,-0.415,266.3461433,0.875,0.818181818181818,0.923076923076923,0.11988011988012
"A3GK90X2QOFR53",-0.506,-1.423493878,9.954041294,0.738,255.4145002,0.625,0.5,0.730769230769231,0.369230769230769
"A3HSMUPSPOKD0M",2.645178722,-3.158400084,0.058318815,-0.56,226.5382523,0.583333333333333,0.590909090909091,0.576923076923077,-0.0239760239760241
"A3KCUB6P3IE8NL",-0.199520256,-9.705928256,9.99818743,-16.38787344,268.4974005,0.875,0.833333333333333,0.9,0.0761904761904762
"A3SKEW89V5S0DI",-2.036879658,2.741849119,9.478772189,-0.191102704,284.1709251,0.8125,0.75,0.875,0.153846153846154
"A3TUV36R7RR04T",1.3,-0.275643527,9.87,-2.9,238.3591329,0.833333333333333,0.75,0.923076923076923,0.207692307692308
"A3U21PUMQ6NGT2",10,-12.59066353,0.009374088,-4.309544224,275.9003098,0.8125,0.666666666666667,0.9,0.287179487179487
"A4W9APAHFWVLO",-0.326375758,-2.843729342,0.232989815,1.78,245.7666201,0.708333333333333,0.625,0.791666666666667,0.235294117647059
"A5LLSZG8YCAZF",-0.823,-14.99906457,2.105223664,0.813,257.1732673,0.5,0.555555555555556,0.466666666666667,-0.177777777777778
"A87D3K9YVKTQ7",-1.1,-14.99998881,1.100737114,-1.08,285.4478319,0.75,0.785714285714286,0.735294117647059,-0.0672268907563024
"A8FUMDQFBKMXR",-9.86,8.950349611,0.005255852,1.05,270.25684,0.458333333333333,0.458333333333333,0.458333333333333,0
"A8OE2E20OZYKI",1.26,-14.99977903,1.699476209,-10.21777626,277.2865147,0.895833333333333,0.875,0.9,0.0279069767441861
"A9HQ3E0F2AGVO",-0.994,-2.769711381,9.949715619,1.444815695,259.8426003,0.854166666666667,0.95,0.785714285714286,-0.192334494773519
"ACSS93E03ZUGX",0.162450952,-14.99999917,0.98802431,-0.389,261.2399107,0.5,0.285714285714286,0.588235294117647,0.605042016806723
"AETIZKQNUSBLB",9.99,-12.77107447,0.018777264,-1.1,230.582952,0.4375,0.375,0.5,0.285714285714286
"AFKZZEURTCR8U",-5.147260562,-15,3.540573776,7.63,245.3993657,0.5,0.5,0.535714285714286,0.0714285714285714
"ANUXUJE8QRE0C",-0.0487,15,1.739261106,1.65314622,241.8303502,0.75,0.818181818181818,0.692307692307692,-0.167832167832168
"ANVAFB99K5RKP",-1.408828153,-14.99979669,1.42268274,-1.26,261.9539899,0.8125,0.730769230769231,0.909090909090909,0.21947283485745
"APGX2WZ59OWDN",0.313143692,-1.28,9.882952692,1.79,207.4033652,0.9375,1,0.9,-0.106666666666667
"APR6H3HAOE9OU",-0.678,-0.94891392,0.807828516,1.98,226.5812369,0.479166666666667,0.55,0.428571428571429,-0.253416149068323
"AQJWO4YPR3LUQ",-4.626028544,-8.926735626,9.951978806,5.24,266.7341712,0.708333333333333,0.692307692307692,0.727272727272727,0.0493624023035788
"ARVXIBUCA8WDZ",-1.69,1.098275044,0.43014141,1.208790612,266.9099684,0.6875,0.7,0.678571428571429,-0.0311688311688311
"AURYD2FH3FUOQ",-0.409257129,-14.99993899,0.941877372,-2.107450988,270.1342428,0.625,0.75,0.5625,-0.3
"AW0K78T4I2T72",-0.305,-14.99999842,1.202112016,-1.92,237.0647767,0.6875,0.666666666666667,0.708333333333333,0.0606060606060607
"AW0MG225VXWCN",-8.35,8.074157545,4.43e-08,2.162049022,238.3071332,0.833333333333333,0.863636363636364,0.807692307692308,-0.0671328671328671
"AYCHPTQRYDT7G",-1.41,-14.99986521,0.947118604,-4.92,277.5464012,0.9375,0.916666666666667,0.958333333333333,0.0444444444444445
"AZNIEFUIVB2H0",-7.06,-11.99588778,0.005333182,-9.49974923,277.7133501,0.75,0.833333333333333,0.666666666666667,-0.222222222222222
