"subs","lik_RW","lik_RW-D","lik_RW-PH","lik_RW-M","lik_RW-PH-M","lik_RW-PH-D","lik_RW-M-D","lik_RW-PH-M-D","memoryType","condition"
"12",107.9744395,103.6651667,104.3346941,107.5707714,104.0210164,101.5986125,103.6629227,101.5882652,"explicit","c2"
"13",131.5453405,130.394448,130.5694776,131.4380506,130.5691625,130.3472182,130.3645496,130.338293,"explicit","c2"
"15",107.1899221,101.3710813,103.5940702,106.9900753,103.0951169,100.3301513,98.92328869,98.61320948,"explicit","c2"
"4",122.1863173,121.034856,121.2920554,121.952318,121.0069192,121.0025954,121.0347418,120.8988293,"explicit","c2"
"5",136.1282271,133.3912521,135.0672183,136.0982684,134.9663955,132.6349607,133.3539864,132.4979264,"explicit","c2"
"5484620efdf99b0379939c6a",105.8025865,105.5235713,105.7944802,101.9576882,101.9432426,105.1372776,101.3791229,101.3714963,"implicit","c1"
"5589c7cefdf99b18bd86cf31",86.18593353,84.63677355,82.82231293,86.17584442,82.68237469,81.47484123,83.58486655,81.47115435,"implicit","c2"
"5589cf61fdf99b18bd86d076",131.6233017,130.9136136,131.0767979,131.6018462,130.5987569,130.471978,130.6922367,129.9827222,"implicit","c1"
"558acd52fdf99b65685f03d9",108.2832525,102.526386,100.8375734,108.2817923,100.6835737,100.3404398,102.2807837,100.3255531,"implicit","c2"
"559e6830fdf99b4f0b98514a",122.0476163,121.5209051,121.9314815,120.5022586,120.3705114,121.3963563,119.8173151,119.6111271,"implicit","c2"
"55a47692fdf99b126e625257",128.5899687,128.1286713,126.8763471,128.3549662,125.4556733,126.5817545,125.3134153,124.9855218,"implicit","c1"
"55b1add5fdf99b6731f04c5a",141.7445693,141.5387689,138.8663643,129.3397139,129.1970567,137.4046209,127.1823787,126.2357285,"implicit","c2"
"55d4bf9d58c358000c3dbde9",118.6183535,116.582337,118.4163872,116.8605099,116.6567499,116.1113987,116.3145502,115.0334856,"implicit","c2"
"55ddb84550a1f7000b90d65a",120.0316916,118.5630213,119.703238,119.5722023,119.559893,118.5368418,117.9055464,117.8015083,"implicit","c1"
"55ea70c37480920010aa9982",106.8295511,101.6461261,104.3783015,106.8291605,103.9747536,101.1596082,101.5171603,101.0565375,"implicit","c1"
"56213a1aed6e5a0005c7f760",142.9449279,142.6827156,141.9036778,132.6372254,132.3673429,139.183119,130.7007877,130.6178243,"implicit","c2"
"569916e4b0e16500050131b4",110.8259527,110.2272912,110.5619065,109.8973474,109.0259844,109.3113008,109.4337566,109.0028985,"implicit","c1"
"56a37d86dbe850000bfcef9d",117.0494373,113.8509859,116.4198925,115.2601979,114.7619421,113.4283888,111.518195,111.0237781,"implicit","c2"
"56c8915edfea6c000cb29c98",112.1648962,110.0900334,112.1637543,110.5562934,110.4554579,110.0141405,108.4806571,108.1237251,"implicit","c2"
"56f542877e3935000ce43685",89.07581269,86.31463872,88.37999251,88.04213131,86.41270474,86.12239058,85.81146761,82.81824579,"implicit","c1"
"57223b1c01ed330011374d93",120.642846,119.9269744,118.1725797,119.8002757,118.0058568,116.8800816,119.3133147,116.8798724,"implicit","c1"
"573bc4fbf3580b000fce0af4",119.2245201,119.1321766,118.4792855,118.8680673,118.2257166,118.3894942,118.6499717,118.2044003,"implicit","c1"
"575a0b3033577a00060af29a",141.9802573,141.6028895,140.023642,131.6734759,129.2261046,133.9108746,131.3749789,128.9338648,"implicit","c2"
"576017836442fa0006cfb7cd",128.1343144,125.1425273,126.4149058,127.9653392,126.2621578,123.1114758,123.9124561,121.9398499,"implicit","c2"
"5765705e26ed5300019ff9da",124.0762814,115.8188748,121.0784737,123.8077494,120.4928593,114.2656784,114.3267235,114.1978721,"implicit","c1"
"57a93244dcff7d0001c7d86f",128.6493955,123.2681168,127.6003858,127.7133877,126.2491071,123.0741991,123.2421663,122.9509095,"implicit","c2"
"58043bb3bd8a970001fdef44",109.0057087,101.8114936,108.409926,108.9809721,108.1434119,100.1052966,101.4148664,100.0309296,"implicit","c2"
"58066bf52d948b00014ba876",120.7800185,119.324733,119.5752032,119.2621644,118.7773055,118.4509368,117.9289884,117.2065368,"implicit","c2"
"58635484a73baa00010db537",128.2082136,120.9003716,125.9612574,122.5258323,118.4940655,119.4709369,120.0058574,118.1345544,"implicit","c2"
"58a9bada6a8d3b00017eccc2",127.1887118,126.0097393,127.1253406,126.9245817,126.8998512,126.0009153,125.9497335,125.5767679,"implicit","c2"
"58f5365dfb4d7500014aeebc",104.5090974,103.8403669,103.7249954,103.8807127,103.7101621,103.2840895,103.2862671,102.7887025,"implicit","c1"
"591125aaa051530001bfc871",125.4169919,124.3623914,125.319078,124.5046288,122.5275056,124.0700798,123.0853666,123.05025,"implicit","c1"
"5920812416d99b000179eb91",120.0153242,119.482827,118.6051099,119.859519,117.7051391,118.3161314,118.9171197,116.7312521,"implicit","c1"
"59288c238bc6770001fc1d6e",135.1966609,134.9974771,134.9026531,133.2250515,131.7265741,134.3142006,132.0900857,131.667679,"implicit","c2"
"5928b05e590f0b000126edb8",112.5838605,111.7790367,112.0239826,112.4719704,111.6993851,110.860079,110.8121034,109.1260972,"implicit","c1"
"59296fb2e8a7ff000163f033",115.7502628,113.7742767,115.4505599,115.4435884,115.086689,113.7704892,113.589218,113.4243625,"implicit","c1"
"597fe89a1b41a20001749f57",117.5668083,116.2188337,116.1708474,110.9824394,105.1604479,115.2480774,105.0949903,102.9214762,"implicit","c2"
"59c25b315364260001dc4b45",117.0365667,115.7913995,116.4594652,115.6235912,114.4480068,114.836603,114.1823509,113.5198711,"implicit","c1"
"59dc458f77860e000151240e",99.3722121,88.74640992,95.25146153,99.29022132,95.21187224,86.00999073,87.76777362,85.42874052,"implicit","c1"
"59f78f90a764fc000135f6e6",121.354917,119.6172579,119.9691248,121.2164899,119.8939659,119.5887416,119.6172532,118.9287494,"implicit","c2"
"5a03d20a7ecfc50001be0a7a",140.9356941,140.5977285,140.5344872,140.0730425,140.0305701,140.0187218,139.7897531,139.2164757,"implicit","c2"
"5a04869ff2e3460001edad2e",111.0349376,107.7387789,109.2651622,111.0066992,108.9448887,106.6388965,107.2681039,105.9370824,"implicit","c1"
"5a4ae15d6d85f80001c25f65",121.6586063,121.2125364,121.5605173,120.8192973,120.6616616,120.9953658,120.4009858,120.0265403,"implicit","c2"
"5a7618b18fe2dc0001057243",137.938577,138.21821,138.2182373,138.2201132,138.2008499,136.1635157,138.2182102,136.159849,"implicit","c2"
"5a792c898fe2dc0001058c3b",137.4003298,135.6882121,136.9781926,137.3281833,136.5469256,135.0054443,135.1981166,134.9957726,"implicit","c2"
"5a99003d777df200015ff521",128.2691255,128.1416148,128.2725143,127.6782293,128.2725143,127.8396936,127.315806,124.9983102,"implicit","c1"
"5ac4c721e1099600016a823b",120.2396643,120.1620673,120.0994987,117.2434128,116.8870258,117.5931446,116.8715719,114.9809629,"implicit","c2"
"5ae25791af72e0000127b8f7",128.6765269,128.6335177,128.4836861,127.6376139,127.5100698,127.6849732,127.4213791,127.3307072,"implicit","c2"
"5b04e335331e8100018f7b76",138.4346656,137.9624696,137.307366,136.92958,136.1988296,137.1757048,136.7940558,136.1104995,"implicit","c1"
"5b0fa626bd9c310001568d6c",125.844497,125.4726622,125.18864,124.678825,123.9780067,124.3191713,124.6034191,122.3771056,"implicit","c2"
"5b133bba30d562000155dc2e",111.8011635,111.101153,111.4329441,110.1693479,109.8886598,111.0979336,108.8547711,108.2243721,"implicit","c1"
"5b15d20c444cef0001cb1153",119.6996607,118.2774008,119.4638872,117.7489699,117.4257811,118.2313507,117.5138622,116.7153883,"implicit","c1"
"5b16d3afb7809d000165d82c",125.0264298,122.5216962,124.665495,121.5525283,121.1279955,122.2539554,121.246476,119.4810974,"implicit","c2"
"5b18248744127b00013f90ce",111.7408966,97.86400277,108.9384686,104.7699432,94.34357782,89.74618513,95.94579795,89.74474171,"implicit","c2"
"5b184f9768a5ed0001734190",114.573223,111.6148943,111.2078004,114.568061,110.6413871,109.0309274,109.0920655,108.395131,"implicit","c2"
"5b25b16e34ffd00001b43e24",139.6542172,139.6067108,139.4084837,138.6912893,138.2297712,138.8125533,138.1851693,137.9435702,"implicit","c2"
"5b2bfb37163ead00013fb8b4",97.33385578,96.97880182,96.89781912,97.17543908,96.89168556,96.48429581,96.78250457,96.16155918,"implicit","c1"
"5b48e77c369f84000112a85c",121.4360371,121.1294026,121.4350059,121.1096033,121.082238,120.7860987,120.964132,120.1778268,"implicit","c1"
"5b564680ed90280001510d9a",103.4739601,101.0704162,103.2340371,103.431024,103.1893702,100.9674378,100.577889,100.5418808,"implicit","c1"
"5b589d330bc96b0001fa5d3c",128.9322044,125.5045839,127.2112898,128.0099475,122.362951,120.408974,127.4900712,126.3508866,"implicit","c2"
"5b619b6c5256470001bcf992",110.8508683,110.4357806,109.524352,110.8104978,109.5218012,108.4468893,107.6518045,106.1972984,"implicit","c1"
"5b7332e8fd718d00013d0655",115.5220569,114.9526361,115.2762485,115.2972817,115.1947371,113.7388727,114.5504073,113.6465668,"implicit","c2"
"5b7c89c4db11320001c43c05",131.8258768,131.0387868,131.8246431,131.6713944,131.0747088,129.5669556,131.0179275,129.2357574,"implicit","c2"
"5b7e118e87d85f0001baac27",105.7506849,105.2418872,105.7175373,104.7643321,103.9658,105.1159911,97.5296762,97.40422079,"implicit","c1"
"5b954f10754b700001f06bf0",135.2738503,134.9359994,135.2787577,135.2790391,135.2787576,134.7441998,134.8844817,134.7415597,"implicit","c2"
"5b97f70161c19e00018db4a8",90.12850026,83.121999,90.10073105,90.11102109,90.08481163,82.56194977,83.02609419,82.56090728,"implicit","c1"
"5b984dd258ee9f00012fbfd2",99.97813909,99.38039222,99.93675346,97.63570278,97.34753674,99.20893291,96.93871437,96.69511971,"implicit","c1"
"5ba86de49629a90001b3ef5f",103.6036013,102.7700089,101.3420266,103.5936392,101.341845,100.7827784,102.767658,100.7820056,"implicit","c1"
"5ba937237c0ebe000127583e",131.3668755,126.111738,129.6392571,127.143771,125.4857436,125.6226781,124.2619731,123.8152284,"implicit","c2"
"5bb917f53ea7ed00017ca5fb",116.3357283,113.6984655,116.2195598,114.1827134,114.1469738,113.370851,112.3682175,112.334474,"implicit","c2"
"5bbc18010cb04c00015025ce",128.1296571,127.9670248,127.8233694,127.6650501,127.0373547,127.7780115,127.0073422,125.9659784,"implicit","c1"
"5bbd3bacf732b50001d9099a",143.939013,142.5978313,143.787843,142.4336077,141.9596966,142.5965664,141.9463487,141.9038897,"implicit","c2"
"5bc8897f462bdb0001a61426",143.2935671,141.8502281,139.0924954,132.5252574,128.6029483,135.0943552,123.8647414,123.6565008,"implicit","c2"
"5bdb735e48428800012fdf8d",123.722246,118.8063023,123.4110817,122.829767,121.8572875,116.2679409,118.8048014,116.0616975,"implicit","c2"
"5bf08d054863520001b1e1dc",133.6274463,132.3353979,133.6043228,131.5911782,131.3104298,131.1235999,131.0426243,130.5971674,"implicit","c2"
"5bf31e39f757c2000130e8ee",123.6931381,117.0707857,122.9840548,122.3284394,121.6386405,115.7645896,115.1520625,114.0657728,"implicit","c2"
"5c0150326a0c6e00013c6068",125.9254406,125.8570077,125.4322915,125.531079,125.3679375,124.4119749,124.7439904,124.178513,"implicit","c1"
"5c054e8a553fb800011917d7",131.1969303,131.9961172,131.9961671,132.0001011,131.9961672,131.9961172,131.9961172,131.9961172,"implicit","c2"
"5c0ddc894bc2690001b67bd0",119.162152,118.7047988,117.9138547,119.1432435,117.8422634,117.6717557,118.2566642,117.1801302,"implicit","c2"
"5c223d4a4a7e1f000137e5b9",120.3298446,116.5911591,119.6153533,119.8564273,119.1944254,116.5906301,115.7646167,114.7274275,"implicit","c2"
"5c27b2157e42a600015bf8ef",116.2387229,114.8928897,120.1821669,120.1864163,120.1821669,114.5098936,113.4959794,112.9916761,"implicit","c1"
"5c2b4b959f18a9000179a141",138.6611498,134.8641757,138.6837383,138.1958246,137.3458461,133.5595091,128.0227514,130.8175416,"implicit","c1"
"5c3222061251d100018bf8ab",127.5202706,126.7918905,126.771901,127.5176907,126.7642613,126.3907403,126.7748208,126.3360552,"implicit","c2"
"5c4098bc2dcf46000167e4c9",132.2255125,120.1414066,131.299371,125.416963,117.6323369,115.9250538,114.4422543,114.2890019,"implicit","c2"
"5c41fb6f848dbb000157e2e5",120.77019,117.9741657,120.0349547,120.2337809,119.4705519,116.7355248,116.6735448,116.6652255,"implicit","c1"
"5c42b3fd7b4dcb00017f04be",130.1608433,129.5969608,130.0462193,129.8660498,129.7812474,129.0293985,128.5927605,128.5870985,"implicit","c2"
"5c4af67cdccaa800016b3192",125.7385093,125.7774945,125.7848427,125.7852193,125.7848427,125.7848399,123.7738857,123.6652346,"implicit","c1"
"5c4be2759233b80001b2ed8a",131.4456743,128.9635718,131.0910774,129.8756331,129.359087,126.5932366,128.2124856,126.6286234,"implicit","c2"
"5c4d1a6c9ce35100019dbc88",119.5293002,117.9668702,119.4081033,118.8477152,118.4422421,110.3855194,116.5948718,109.8174316,"implicit","c2"
"5c55fec09fcbc40001dc50b5",89.96587071,70.38140557,78.36041328,86.24130984,78.1739901,60.77967209,65.80440716,59.91003784,"implicit","c2"
"5c5ae4a166c50300015170a8",109.1939639,108.6686201,107.1369035,108.6816842,106.6713547,106.2310923,108.2764633,105.8570473,"implicit","c1"
"5c5aecc774a76f0001a25ced",104.9364911,103.6628859,102.4881741,104.6684404,101.4717898,101.4556716,102.9373606,100.9475513,"implicit","c1"
"5c6071a1e1df700001ca8bf1",122.4737915,119.5254521,118.6630182,122.4483873,118.3694931,118.3388054,119.4819396,118.3335036,"implicit","c2"
"5c6c666a4d4f48000122caf8",130.8742658,130.3181534,130.853137,130.3412267,130.0036789,129.9326044,129.7701377,129.3734912,"implicit","c1"
"5c6c6a5e85108c00012b0e6e",114.6956653,113.795275,114.5400604,114.6946859,113.0939167,107.1408404,112.3559281,106.5997561,"implicit","c2"
"5c6f1e080b99a000018cc53b",129.6662239,129.3617856,128.9552131,125.2010558,125.0618499,125.4827229,125.0445089,123.8335466,"implicit","c2"
"5c720c7278263500015665f9",130.1952751,130.0115092,129.7799474,129.2644727,128.7412418,129.0478101,129.0068366,128.2336849,"implicit","c2"
"5c7456844761e00015c6a5dc",125.7663797,124.6680096,125.3700284,125.6320076,125.087016,124.6160224,124.5755922,124.5708841,"implicit","c2"
"5c747b0f181ad300113363ed",94.52307945,94.30575732,94.5229221,94.36489021,94.31829299,93.64965283,94.2176056,92.77508841,"implicit","c2"
"5c78639fa7e5ae001565b255",137.2484276,131.9596631,137.5240712,137.5546923,137.4949687,130.3698691,128.6166807,128.5526293,"implicit","c1"
"5c7b6606edd568001200fa9c",132.1191971,130.6380201,131.580858,131.4381708,130.8217891,130.5624434,130.5700826,130.3490593,"implicit","c2"
"5c830a66d6a4d0000164097d",126.2211377,125.9117672,125.4544105,125.1906359,124.2798511,125.2745394,124.8949308,123.5445136,"implicit","c2"
"5c8e869154c82b00187d5810",115.2307748,115.240821,115.3061384,115.3067373,115.3061384,115.0175119,114.90322,110.286665,"implicit","c1"
"5c91c693765dad0016f8495c",113.0025804,108.738944,109.905042,112.8330916,109.8589231,108.5885753,107.4926094,104.6878134,"implicit","c2"
"5c925b0fb138fe0014e4036b",116.9925409,116.749556,116.625435,116.4859262,115.3079678,114.6118948,114.5521472,113.0755615,"implicit","c1"
"5ca229d63861e700154363bd",99.74474762,98.73690796,97.71402886,99.71915252,97.30496258,97.22437292,98.54945513,96.91088932,"implicit","c1"
"5caeb61f1903d30016f1b410",142.1429524,141.9571682,141.8593084,140.8188161,140.5183906,140.9054587,139.9375813,139.5782379,"implicit","c2"
"5cb33d40f173240019513957",112.3468148,109.4708458,112.1632386,112.0785666,111.9792998,109.2826246,109.16744,109.1275001,"implicit","c2"
"5cb5ff63931852001cf69b28",119.7032085,117.6302089,119.6765536,118.9310882,118.9040056,117.5162024,117.0355829,116.5260768,"implicit","c2"
"5cb80f255a63a200167ead10",129.7470492,126.9892908,127.5680251,129.7465647,127.3493082,126.8221424,126.8231739,126.2853818,"implicit","c2"
"5cc67bf2e44c720016ae8c16",117.4481632,113.6106672,114.8935123,115.9147296,113.9614539,113.3787976,113.6052115,113.2815967,"implicit","c2"
"5cf2e52930eedd00016bbebd",129.6264575,129.5374329,129.1598388,129.5618905,129.159457,129.078756,129.4928734,128.8005023,"implicit","c2"
"5cf6150ce42af100015a90c4",124.3838806,123.928962,123.6048351,122.4855364,122.2001218,122.9612564,121.1024841,120.1697434,"implicit","c2"
"5cfed217cc76fc001ae58254",115.6035072,113.3759567,115.6034832,115.5425692,115.542569,113.3585656,112.7608397,112.3895135,"implicit","c1"
"5d0dccf897384f00015a4c44",123.127632,119.6966905,119.9509534,120.9599608,117.9982326,118.2780952,116.9564996,115.9498468,"implicit","c2"
"5d1cc0603690a90017b7fde9",133.9601895,133.4576276,133.3799354,133.9493541,133.3122075,133.205729,133.3726475,133.1058283,"implicit","c2"
"5d2d953e1d075a0001ec41db",126.4216009,126.3272095,126.4182203,124.0286957,123.9195424,125.9932558,123.8487207,123.5755609,"implicit","c1"
"5d3c4728aca82300197c96db",138.8469151,138.8661934,138.8680855,138.8685813,138.8680858,138.8581494,138.7009163,138.5505232,"implicit","c2"
"5d513e048c23ee001740b583",126.5060967,123.0763881,127.0363265,127.0912642,127.0135461,123.0757518,122.9748042,122.9661953,"implicit","c1"
"5d54b73f1c1de70015d50959",134.543711,131.7265917,132.4940725,133.8077796,132.4465142,131.3846545,131.7014024,131.2068971,"implicit","c2"
"5d5564512bf13d00014383ec",123.9714905,123.4769597,123.0525841,123.0721838,121.9944743,122.0545535,122.6837997,120.5866217,"implicit","c1"
"5d5af833f35ed70001e17a5c",130.7715023,128.5717979,130.2564797,128.56884,128.0422804,127.9395388,127.1562477,127.0693204,"implicit","c2"
"5d61a9afd989a40001236da5",103.9640838,102.4253036,103.008663,103.9172481,103.0085508,99.91155357,101.4069051,99.82650024,"implicit","c1"
"5d6394518df2870001a74b42",122.9505201,120.731686,119.4671005,122.5087975,116.8947158,117.8086341,118.6376307,115.5873408,"implicit","c1"
"5d7499693e40c60001081af3",79.9883556,79.64762076,76.39305305,77.26272801,73.43481497,74.47526877,77.21405175,71.32997414,"implicit","c2"
"5d8a29c082fec30001d9c24a",126.4658818,124.3354152,126.0378738,126.0331033,124.1492502,121.4964555,121.7768412,120.4620955,"implicit","c2"
"5d90298097a2130015f3fa3c",133.9080549,134.5103589,134.5270109,134.5574849,133.7019595,132.6381942,130.110088,129.4714184,"implicit","c1"
"5d9373b0e04970001ab482da",112.1567177,110.6926221,111.7794571,112.1508575,111.7769253,110.272604,108.8475275,108.7476345,"implicit","c2"
"5d94794a521f890016f93604",117.3791515,114.9402024,118.3799714,118.3824551,118.3799714,114.7834109,114.8444589,114.6939264,"implicit","c1"
"5d964976b8040b001761467c",114.9509167,108.153945,111.3219411,114.8720229,111.2443985,108.1539368,108.1340424,108.1290026,"implicit","c1"
"5d96eeed1998fb00177f6b71",106.8595658,106.6970159,106.8375368,106.6429111,106.64196,106.6453801,106.6079322,106.5888675,"implicit","c1"
"5d9a09095223b6001809f1c9",108.0870998,101.5296968,104.6664812,107.6764223,103.3240329,101.3540066,101.1876946,101.0961228,"implicit","c2"
"5d9ae3ff9d2a700014869bcb",111.2890034,105.4264863,109.358578,107.8689877,107.6362332,105.1417333,105.2254758,104.7949013,"implicit","c2"
"5da689dc1ce19b0016500435",109.7112777,99.8010475,106.1695289,108.769289,104.8000429,99.35305177,99.71665637,99.29606069,"implicit","c2"
"5da91247b601ff0012baa8b1",131.7784509,132.9631106,133.0146545,133.01876,133.0146545,132.737326,132.515364,133.0145946,"implicit","c2"
"5dae25fc2e361800135fbd02",120.9327334,119.6369876,120.2389627,120.6416429,120.1070352,119.6366128,119.4495032,119.3677524,"implicit","c1"
"5db0a97f127d4000117cdfa0",125.299168,118.3490148,121.4352699,119.3998981,119.3447042,117.9865864,116.8265278,116.6161515,"implicit","c2"
"5dbe3345a262de347e900665",125.2891892,119.7728242,123.1179369,124.6639374,122.84666,119.1847976,119.2408193,119.1455562,"implicit","c2"
"5dbee94de0a6e839b5a23898",125.0935057,124.7702767,124.4192478,121.6344561,120.6514647,121.968608,121.1044801,120.3183946,"implicit","c1"
"5dc1a56a648927000be0fca7",129.8589195,129.4144175,129.8571182,129.6093025,129.5746628,129.2597855,129.015379,128.9895769,"implicit","c2"
"5dc37cc0380a67285572a9b3",118.0975088,117.5440911,118.0924946,117.8322055,117.8246782,117.5352556,117.4280611,117.3665607,"implicit","c1"
"5dcca657854936945d68eaa9",115.9618575,114.4674445,115.6899363,115.7651811,114.6224077,113.2007171,113.6623623,112.9820764,"implicit","c1"
"5dce29700ad506063969a4a5",113.0221134,111.4191011,110.8315135,112.6352056,110.8238733,110.7634126,111.3468301,110.7633844,"implicit","c2"
"5dd14dd31e70da1d0ee5bab8",107.0680593,102.2034271,106.1591861,107.0564111,106.1540632,101.7327952,104.6435407,101.8140544,"implicit","c1"
"5dd1843cfd5b281f1e24d5c5",132.8265004,129.312011,131.4833754,127.6205521,125.8647326,126.6756225,124.4504883,124.3927794,"implicit","c2"
"5dd1964987c1fd2082c4d88e",131.0053307,130.4321436,130.4001021,127.5777441,127.2892938,127.6134735,126.5433337,126.0692127,"implicit","c2"
"5dd30f79a9ead0313a9680a0",142.5812566,140.5888531,140.7563089,140.2006663,139.467436,138.2150416,125.5125476,125.4804995,"implicit","c1"
"5dd3699ee73e6136c640f1cf",113.5555347,112.2913426,113.1889225,113.5116605,113.184906,112.1517405,112.2885708,111.0694188,"implicit","c1"
"5dd3bdc79dac7c3a80032939",126.0657898,125.2794553,125.3361589,124.8431171,124.1104623,125.1813116,123.0090122,122.9529819,"implicit","c2"
"5dd3dd554b0e0c3bc81c5464",135.2972142,130.5107796,131.2916115,134.2664479,130.2239469,123.6504022,120.1268902,120.0658325,"implicit","c1"
"5dd3eaabfef7c23d3f95d252",120.7553976,118.0810611,118.7862211,118.4977452,115.1564799,113.9658196,113.5048487,113.3168419,"implicit","c2"
"5dd40277e08a363e4e006384",140.0674785,139.2960973,139.8070961,132.0605646,131.8841511,136.5778307,130.8121843,130.4900883,"implicit","c2"
"5dd597c897405455982d1b0c",131.8641763,130.6956556,130.8647087,128.4643113,126.4139726,130.5570533,128.1730285,126.2634549,"implicit","c2"
"5dd9f0e719eecb97dfab7b48",110.7079994,107.7031302,110.2219449,110.6170506,109.9330107,107.0514937,106.347956,105.6380139,"implicit","c1"
"5ddd5178672927000db38950",126.1258412,124.5134623,126.1213896,124.9165339,124.4253929,124.5129455,123.9877165,123.2891625,"implicit","c1"
"5ddecf14d3ac2affdc8df54c",124.6346663,122.4486753,120.0159558,123.3921651,117.2560719,119.1457282,118.5175372,116.5738833,"implicit","c2"
"5ddf08afcb9dd6e746231429",117.9604482,113.1010803,117.8952963,113.7466148,113.4169859,113.0758265,111.115826,110.8236767,"implicit","c2"
"5de10a767292b61529705ead",113.4960546,101.852226,112.1141111,113.4960405,111.7916042,101.8307005,101.8500992,101.8224681,"implicit","c1"
"5de6bcd545971063d3ff95db",125.1108022,123.999707,124.7681411,124.8461248,124.4901855,122.6564941,122.3268668,122.3198112,"implicit","c2"
"5dea76e109c1071948aed0ff",118.5997334,114.1842202,117.7482938,118.141736,117.6423417,113.5021969,114.1833974,113.50125,"implicit","c1"
"5df0eb850042e812ca51313a",133.8101093,123.1574252,133.8128598,132.0767399,130.5207855,122.1467434,123.1503341,121.7781794,"implicit","c1"
"5df81cd72713055bdf02efd8",109.1608886,106.9090634,106.9915002,109.0479787,106.7449324,102.3439746,106.4507394,101.9623875,"implicit","c1"
"5e07d174da6bad1342bafab2",122.3677837,121.6310196,120.4378492,121.202927,119.2515273,120.402276,120.2140363,119.2293795,"implicit","c2"
"5e0b37d379f2fa37a35161c1",113.2962211,101.3334667,107.3551319,113.2797702,107.2718274,101.1631125,101.1489604,100.9858994,"implicit","c2"
"5e0f4b635777b565e67bc0e4",115.4343697,112.2621248,113.2515018,115.3860513,113.0577725,108.4458029,110.762742,108.4129163,"implicit","c1"
"5e15ca7bf6191fbb43eef1f1",125.1211512,125.3517516,125.3900863,125.3928916,125.3900863,124.9027088,124.9893665,124.6493301,"implicit","c2"
"5e164581049d60000e851982",127.1356828,126.8342037,126.2185406,126.5505742,126.1294284,125.8230682,126.3181398,125.5044762,"implicit","c2"
"5e1fa60088eb2e2d97c4a4a7",104.8171068,104.2215403,103.5820132,104.8161683,103.567737,102.7115779,102.8436843,100.8096408,"implicit","c1"
"5e2784b2cf46ff9ab1191cc9",114.4075071,112.6092223,111.2081533,112.460141,108.1169169,111.0280927,111.6874172,107.6066645,"implicit","c2"
"5e27868c5cbbcc0b3599574b",120.5162683,120.0374283,119.9369452,119.7400348,119.5429799,119.6045295,119.2851189,118.5674667,"implicit","c2"
"5e29dc4721a5f20481c70274",115.9169776,115.8461805,113.1509734,114.7149216,112.6411828,111.3860729,114.5495245,110.2293688,"implicit","c1"
"5e3040a2d1a553000cc9147b",129.8265626,124.809452,127.2229325,126.8714142,124.5991557,124.3131835,124.5840612,124.1432046,"implicit","c2"
"5e335595bac1953243a29c68",113.3287913,112.2522497,112.6151185,113.11299,112.1674719,111.8492031,112.2509787,111.7831435,"implicit","c1"
"5e39678321d60316406c3723",125.8790212,125.6086382,125.6549825,125.4937093,123.5978448,123.344409,125.2427877,123.2946252,"implicit","c1"
"5e39d872793a082024d9cf18",113.3110809,104.3324334,109.972367,112.9014741,109.5516729,103.5268621,102.1166725,100.2274333,"implicit","c1"
"5e3c79de24984505f37d3903",119.0782242,107.016487,117.275119,112.3608134,110.3452385,106.9951583,105.2573486,103.164091,"implicit","c2"
"5e46d70ab1f1c5000d96800d",112.7495694,110.9793448,111.5399715,109.4297332,108.7051888,110.9562104,106.7475128,106.7458084,"implicit","c2"
"5e479e7a97adc82507cc64bd",122.3792884,119.9727721,120.1428027,122.2911385,119.8237139,119.2620941,117.2632125,117.1385343,"implicit","c2"
"5e4a833ea1b43a000cecd75b",115.9720167,114.864839,115.7310581,114.0428812,113.9486183,114.8513423,112.8232319,112.7686282,"implicit","c1"
"5e4aa3729d301e000cf8ced9",116.8438205,122.774769,122.7748235,122.7793511,122.7748235,122.7452308,122.7747691,122.7293273,"implicit","c1"
"5e55f0d2d6420c5ffa20a2b5",114.9344568,111.4752111,114.1081842,114.5424626,114.0371076,110.1857861,111.1147857,110.1588359,"implicit","c1"
"5e7307087f94ce260c6076f2",126.6921806,126.1285138,126.6526491,125.4009334,125.4004113,125.7869583,124.3910973,123.9344935,"implicit","c1"
"5e781af820ab3539e4f2b723",136.3140162,135.687087,135.3570245,136.0200793,135.165827,135.2926235,135.543687,134.7565861,"implicit","c2"
"5e7a6846f0f631000a4e2b9d",120.6933268,120.7146596,120.7404966,120.7409686,120.7404966,120.5824585,120.7018314,120.5649317,"implicit","c1"
"5e7f514bb18cb4000a68310d",128.1580479,124.8196961,126.9267797,127.6036493,126.0727523,124.5428453,124.7225673,124.5358668,"implicit","c2"
"5e88e9f57a40f5577f4fe75f",127.9747757,127.5520912,127.8261828,126.4841948,126.4805505,125.6139642,126.3368531,123.9840214,"implicit","c2"
"5e935ec0ba38620009a3b0d8",120.8217163,118.18552,120.0594467,120.8203981,119.5813821,116.4390969,116.3845023,116.125224,"implicit","c1"
"5e97a2d74cb72e263342ecc9",133.2830791,132.6566481,132.669791,131.0584692,129.5831685,131.9965436,131.0431074,130.8658818,"implicit","c1"
"5e98bc8a81343c0c36dc33ff",144.8518685,144.6470007,147.8654255,147.9122375,147.7697224,144.640277,144.6467249,144.6398588,"implicit","c1"
"5e9c62f901f636000aa1a3cc",123.1119081,122.2977309,121.2673201,121.551892,120.5508461,118.208581,121.0531406,117.9772485,"implicit","c1"
"5e9f60dd9d60ec0f754485d7",124.4126651,123.9998181,120.9902686,121.5947569,118.9733516,119.2853579,121.2797493,118.0334863,"implicit","c2"
"5e9f70a9eec34b1108c84413",138.7511929,135.5727651,138.1168898,136.7592532,136.5820329,134.5494582,134.4467132,134.0083448,"implicit","c2"
"5ea060b71ce81301340a6b64",118.430621,116.7968323,117.860773,115.7423425,114.7245638,114.6847054,114.3850913,113.6639262,"implicit","c2"
"5ea08654ea87f206588b6b50",141.0035638,140.6653984,140.895741,140.366634,140.3133702,140.3267995,140.2032398,140.1780961,"implicit","c2"
"5ea9704edf73440535b5e34d",109.951182,105.6026355,106.4774499,109.6851719,106.4731624,104.2406821,105.0468614,103.5459564,"implicit","c2"
"5eaa26c17c3cbc1ae4881baa",118.8259802,118.6882958,117.4935462,118.5314148,117.4160299,116.968834,117.8343098,116.9155194,"implicit","c1"
"5eb29a3db97d6b0008d24a1a",104.0984812,96.83325281,102.669489,103.7747484,102.5490899,96.79912377,96.07085911,95.81960677,"implicit","c1"
"5eb339ee6290bc124b8549a6",139.6719487,139.5785903,139.6554585,136.7420491,136.7311046,135.7029661,135.2050357,135.0442116,"implicit","c2"
"5ebe0fffe718fe000b474854",129.5557937,128.0457308,129.1890655,126.6610739,126.400615,127.730924,126.261526,124.4883675,"implicit","c1"
"5ebedc3f1255ce0db7a5123d",142.5302203,138.8608438,141.9867416,135.2836212,132.8270241,135.9104981,133.3975546,131.8589285,"implicit","c2"
"5ec2d170001bca0df932123b",130.4575664,130.3424772,130.4076512,129.5199943,129.2566494,129.0845148,128.9562917,128.3482377,"implicit","c1"
"5ec56961be9f1b54017d02f2",123.2948684,122.8750183,123.2478144,121.7670704,121.7626818,122.7126562,121.6583116,121.583545,"implicit","c2"
"5ec6e90e17fbef11b05ca601",116.3848247,107.2576896,108.9594886,116.0716029,108.0665646,107.244526,107.1269291,107.1266469,"implicit","c2"
"5eccfd5e040498000acbab5c",112.3974568,109.0400733,112.3973459,112.1283373,112.1283025,109.0182924,107.7694941,107.9959913,"implicit","c1"
"5ecff6d39272d90a02a6131f",108.2083522,104.5907257,107.5115038,106.8675552,105.492116,104.5902918,99.22048352,98.96941154,"implicit","c2"
"5ed062703c9248144a334cb4",138.7393026,138.2817403,138.3470208,136.5123596,134.7152769,137.1385461,129.899787,129.7426816,"implicit","c1"
"5ed1443918f6bd07449d88a5",143.9553117,143.5547496,143.912912,137.0794295,135.1184774,140.4206099,133.9101374,133.8955347,"implicit","c2"
"5ed29b1e45e0e32085302ab3",112.9157166,109.7079707,111.9628382,112.6404452,111.9617065,110.3123122,109.0504473,109.0335907,"implicit","c2"
"5ed2f70cae98302901c31d4f",118.8592971,118.8339146,118.1856893,118.8585557,118.1784749,118.1242143,118.6548772,118.0396505,"implicit","c1"
"5ed408c6d5144e085de4b999",141.9082363,139.669558,140.7576112,140.8864707,139.7872692,139.3974673,139.5923197,139.2737917,"implicit","c2"
"5ed6f0662fb6181721604c87",111.8095249,111.1677818,111.5108471,111.7779312,111.5008413,111.1590588,111.1213906,111.1184415,"implicit","c1"
"5edabd929d0c9370d88ed85a",103.0922174,102.9492356,102.2208336,102.5006815,102.2735403,102.047172,100.492828,100.8637969,"implicit","c1"
"5edae6ec1a69d47606c15969",140.802257,128.6061662,139.9620526,129.4943622,128.9115302,123.5053366,126.6522268,121.9356696,"implicit","c2"
"5ede3d2ef7c9f9068776c4d2",121.0628118,117.4946752,120.8265407,120.3131052,119.1376863,116.8817598,116.4769035,116.4524049,"implicit","c1"
"5ee77276fd87c8040d49aad0",97.1459036,88.50433467,92.97802536,97.14227665,92.62896765,87.53825206,87.18517255,86.82542008,"implicit","c1"
"5ee8a76e68875f1ba06aadf2",123.2221367,122.9963041,123.2118212,121.5668655,121.5577309,121.7179316,121.3180962,121.2914006,"implicit","c2"
"5ee95a4c2a64f72f5d95a2fc",112.8420922,111.6870114,110.3725566,112.0659877,109.8294257,110.3603103,109.7627766,106.0644167,"implicit","c1"
"5eeb71ab2ae00c2df8959a3f",124.8967843,124.1041361,124.8893083,124.7664878,124.7627603,124.081195,122.6836212,122.1492575,"implicit","c1"
"5eed4da5706fdd169557315b",111.5091032,105.7937374,111.0137932,109.3922643,106.2493112,105.7185292,105.6851242,103.880426,"implicit","c1"
"5eefa601e2550709b46a3dff",137.5502878,137.6285045,137.6285143,137.62951,137.6285144,137.6285045,137.6285046,137.6285047,"implicit","c2"
"5ef19d99454675561e3fc9bb",128.2935872,126.6227531,128.0531475,127.2854282,126.6053647,127.261776,126.3115263,125.0865274,"implicit","c1"
"5ef5f905c9f45407829372ab",131.1509481,128.9631129,131.1215698,128.2143513,127.5283431,127.2553545,127.3280675,125.3992167,"implicit","c2"
"5ef764821269f404a08607d7",120.1243731,118.8554405,119.5331693,119.9480573,119.3781781,118.7073618,118.7977589,118.555065,"implicit","c2"
"5ef85dea50dc6b5a707c9b2e",131.8671818,131.545668,131.8662366,131.8201116,131.7903375,129.5487002,129.4905127,131.5221619,"implicit","c1"
"5efbbac9041ae7163c083d36",113.7818425,113.3878804,113.7616396,113.3861751,113.2510557,113.3878161,112.7007587,112.6356847,"implicit","c1"
"5efbd589ceb6b9190882911d",125.7519169,124.6450089,125.610319,124.972293,124.6174622,124.578223,123.9266784,123.2936254,"implicit","c1"
"5efcc4c2df2a840acee97095",120.6056354,119.4941619,120.4162811,120.3147987,120.1567568,119.4819887,118.9934721,118.539587,"implicit","c1"
"5f0486b80eddd36f9bd81f5b",120.184911,119.9685065,120.1029598,119.9319751,119.623574,119.9683503,119.8524641,118.9705925,"implicit","c1"
"5f07070d75038e05e9fcf515",133.140719,133.1002484,133.0716817,131.0382083,130.8669979,132.0818776,130.8179711,130.2471863,"implicit","c2"
"5f070947ea1cc729b610c462",96.23674365,95.51649084,96.23670388,96.20486952,96.12132437,95.39280714,94.34989537,94.2178305,"implicit","c1"
"5f08891e392f740a659bbc7d",128.626426,120.272526,127.4931175,125.7757326,125.6016497,120.063327,118.7657192,118.2725567,"implicit","c1"
"5f0b33e16edeb5429793f878",102.5859705,101.2531634,102.5441741,102.5852921,102.569556,99.47481619,101.206304,98.64809013,"implicit","c1"
"5f0bb5abd738c94e33ac29f9",121.8442996,121.554568,121.7266327,121.6078167,121.5451395,121.153116,121.419668,121.0965409,"implicit","c1"
"5f0bcb67acb8844f8a226f2b",120.3221488,115.4794282,116.7887525,120.3072922,116.710946,115.4100926,114.7767344,114.7126124,"implicit","c2"
"5f0c98239c6dab0fadfee6de",120.9991818,119.8412006,121.0079586,120.4334882,121.0078748,120.9313092,119.1707426,118.6357696,"implicit","c1"
"5f0d7fcf5a4c020184e1cc1d",128.2785981,127.6135735,127.6730639,127.6532653,126.7520349,126.4402243,127.4601852,126.1527514,"implicit","c1"
"5f111456d672e8471ca03f46",144.6897885,145.3623616,145.3623925,145.3645617,145.3623925,145.3020754,145.3623618,145.2930016,"implicit","c2"
"5f1201f1c1ac1410a8f39a21",133.1939191,132.6071845,133.1722061,133.1851425,133.126152,132.5083966,132.6015316,132.5070318,"implicit","c2"
"5f14cc91fe732f56204b3e6e",122.6557994,122.6017393,122.3454552,121.8134041,121.5175461,121.9105339,120.914319,120.3019239,"implicit","c2"
"5f179bd584e8e802ef9c187d",102.9626658,102.2801236,102.2604671,101.3208015,98.90964522,102.0024357,100.766855,98.66731011,"implicit","c1"
"5f1916d22d8f9c162048c82b",121.8733118,120.4333696,121.6696099,121.049299,120.5672185,120.3096384,119.894176,118.6300963,"implicit","c1"
"5f194b89b77f931b785bd0e8",119.7272188,117.4997645,119.6676114,118.2644415,117.5998761,117.4102858,117.335305,117.1192242,"implicit","c1"
"5f195ead0ccbf2018572a26f",103.9291796,97.82274008,102.7341338,103.2397892,101.6030332,95.79962902,97.63986678,95.71321797,"implicit","c1"
"5f1b22b1a109202c16c702b1",121.8528841,121.7366912,121.8203951,121.8522367,121.8130491,121.6878155,121.1247957,120.6703247,"implicit","c1"
"5f1cc717981bb7584655fe62",130.983656,130.9461621,130.9979686,127.3315849,126.9798812,130.1172828,127.1803878,126.1078545,"implicit","c2"
"5f1d05058dd4da5fa6a8532f",105.3848092,102.9325252,104.416651,105.05523,104.2312781,102.8618106,102.9215336,102.8615683,"implicit","c2"
"5f1ebc3a7d0a490143b9d827",120.2937925,120.2829663,120.2705874,119.7360402,119.7340839,120.2363365,119.6530669,119.6140268,"implicit","c2"
"5f202fb60bd98f087818ea51",107.2849877,106.5157859,107.1104281,107.0565467,106.9705257,103.1240924,106.4705115,102.8238831,"implicit","c2"
"5f205a02f5d0c231941936a7",124.9006731,122.9255213,124.6135007,124.8029092,122.8084516,120.6084622,122.844352,119.8504591,"implicit","c2"
"5f21d57a48386f1550a2e7c2",126.3577717,126.2989166,126.3580765,126.3582515,126.3580448,126.2983275,126.2554137,126.248601,"implicit","c2"
"5f236f2929bafd1350aaacfa",122.9839066,122.1914662,122.3902377,122.8727483,122.3839286,121.3548032,121.4070063,121.3250027,"implicit","c1"
"5f28ea283ea4b727f989ead2",127.5042705,127.0629241,127.1379424,123.4277179,123.4218158,125.7757306,121.3928774,121.37181,"implicit","c2"
"5f296d406b6c5204f705e10c",128.5152928,127.1690659,128.3952522,124.8100456,123.9423886,123.1722625,123.7630658,122.0769362,"implicit","c2"
"5f2d5b526afbc72de3b560a1",120.2399947,121.2840399,121.2840668,121.2861892,121.2840668,121.2387667,121.2840398,121.2840398,"implicit","c1"
"5f2eebd9d21e322a9ed68f09",110.1172993,108.9145671,109.8319504,110.027121,109.7189557,108.8828875,108.8258242,108.8169799,"implicit","c1"
"5f2f8574ff256b37b1970220",131.3305943,130.8489454,131.1522345,129.4867679,129.4859646,128.9157412,129.3134927,128.4877752,"implicit","c2"
"5f2fe5ce2d7fa53dec6ed6fa",124.2107933,123.1525837,124.0295615,123.8048967,123.4664564,122.9852012,122.8945457,122.6432808,"implicit","c1"
"5f32b358c70f5001e1225ba2",128.1781319,127.5334434,128.156563,125.4761216,125.4475091,125.3805824,124.5916936,124.441567,"implicit","c2"
"5f387258d064d639fb777862",107.2424491,102.0359534,107.1947817,106.0790014,106.0784347,101.9160631,101.0616772,101.0460813,"implicit","c2"
"5f3942128d13b606ce344098",113.8360211,114.9675364,114.9749103,114.9766396,114.9749102,114.9748853,114.8373929,114.7754218,"implicit","c1"
"5f3a99865242340d71f85620",100.431118,98.15623152,99.96581784,100.2623312,99.89137793,98.01397151,95.88139667,95.71915565,"implicit","c1"
"5f3ac1732efa0a74f975b1a8",126.9326065,126.8500232,126.826071,126.463021,126.2174555,126.4303116,126.445828,125.9796138,"implicit","c1"
"5f3c2f8a1d3b6ca66043d696",138.5355989,138.3390595,138.4200743,137.4871888,137.4073866,137.6660103,137.2346028,136.999638,"implicit","c2"
"5f3e7675cb479c0868ac23f8",134.8647052,134.7077448,134.8548098,134.6219608,134.4178149,134.611735,133.8174224,133.8108175,"implicit","c2"
"5f3f184dd347dc20db152423",131.1447184,131.1232207,131.096082,128.7979242,128.5754342,130.7039308,128.7376262,127.5334833,"implicit","c2"
"5f40a94bf6a9ae1fbb69f6f3",126.3307494,124.6220655,124.4123866,126.2160355,124.0047107,124.2191218,124.2050358,123.8105536,"implicit","c2"
"5f40d7725ebd80225dfb2dc1",123.1103596,123.0317492,123.0658305,120.0603819,119.4188748,121.3991633,119.5582515,119.1904918,"implicit","c2"
"5f4183ee48465a339d3dc81d",136.2915524,135.9762288,136.2557263,133.5199472,132.1992347,134.16349,132.7013789,131.8090932,"implicit","c2"
"5f4330176b31f21a42eaefe1",117.3687836,117.1047122,117.280798,116.8354956,116.7462057,116.9559162,116.4566805,114.9978649,"implicit","c2"
"5f43abed648699000c78dd82",121.8604212,121.5976252,121.3762872,121.7820607,121.374249,121.1375063,121.5632877,121.1337511,"implicit","c1"
"5f4463ec3507df2078c46691",140.7655409,139.1024353,140.4786546,139.9811913,139.521868,137.9468426,138.8014978,137.8031163,"implicit","c2"
"5f4477069d97177c7165638e",119.1732924,115.7772134,118.8517574,116.864245,116.5805868,113.4099196,114.2232571,113.1520682,"implicit","c2"
"5f44c445cfb0a801244f652f",125.3903916,122.4490051,121.2082655,123.7800884,121.1924397,120.6361276,122.2547014,120.6045796,"implicit","c1"
"5f451d0cf9eb1f086713d9c1",134.1989348,134.7539067,134.7534604,134.7545104,134.7525212,134.7099203,134.1648289,134.7005465,"implicit","c1"
"5f454022e7096f0e39b54670",143.290022,143.5244751,143.5244912,143.5259841,143.5244912,143.524475,143.524475,143.5244752,"implicit","c2"
"5f46b13c9603e305ad51dc7f",117.4205415,116.600655,117.2746699,117.4100313,117.274524,116.0098984,116.5894745,116.0076034,"implicit","c1"
"5f46cc6695b81809186326fe",119.3909084,121.8945009,122.0429412,122.0461396,122.042941,121.8852252,121.1972266,121.5564395,"implicit","c1"
"5f4813a415aeaf176f8ea88d",113.6575443,110.9705606,111.3142955,113.6293644,111.2470956,110.970088,110.8021192,110.8010448,"implicit","c1"
"5f483a1fc209342e6f419be4",130.2563715,130.0855695,130.1851059,129.6499635,129.1895894,128.6937224,128.9318994,128.4044045,"implicit","c2"
"5f491a5aa2a3082e99e642cc",118.1333605,117.3590078,117.517927,118.0639133,117.4543125,117.3552536,117.2956708,117.2353937,"implicit","c1"
"5f498056c185c24f7160517e",129.0521308,126.5328666,128.5857247,128.8877698,128.5048425,126.4430151,126.3341435,126.2992995,"implicit","c2"
"5f4b1d3ecb08016e17e44e17",126.285923,126.3046735,126.5445108,126.5453602,126.5445108,126.2287337,126.198095,126.1963139,"implicit","c1"
"5f4b41fcc53d3670deab401a",119.7191109,115.8616764,119.480534,118.5314654,117.8455568,114.8084576,113.7694003,112.9069411,"implicit","c1"
"5f4ba8e31d9c4675debecb8d",130.5262616,128.321098,130.3857572,130.2468696,130.1417897,127.9586742,128.2740574,127.5948376,"implicit","c2"
"5f4bdc989ed8777ca5c963b3",120.1395269,118.552463,118.7163306,119.7335739,118.6360652,118.3667871,118.4408264,118.0546526,"implicit","c2"
"5f4c22c2ab3af81227a03aa4",117.9348232,117.2155524,117.818899,116.7481819,115.2157668,115.9696243,116.1036175,114.6684968,"implicit","c1"
"5f4cadf644b0818bc3527742",130.8658643,130.736217,130.7518187,130.4767357,130.4757376,130.4861218,130.4127117,129.9717841,"implicit","c2"
"5f4d07b4fae27694de8f5af1",130.5212487,126.6845173,129.0199032,127.7259726,125.4939819,126.6751122,123.9246167,122.9124864,"implicit","c1"
"5f4d2b4f0bee2410475399c7",121.9254677,121.7906612,121.5374346,121.2022719,120.7152543,121.4416583,121.0330042,120.6179254,"implicit","c1"
"5f4d95a0636f06a74a723608",122.1186604,122.4133057,122.4133574,122.4167297,122.4133573,122.4133058,122.4133057,122.4133057,"implicit","c2"
"5f4e50590bf655000c944e16",105.0943879,104.9540306,104.4977563,104.4970832,104.1821172,103.3494559,104.1967296,102.6205878,"implicit","c1"
"5f4e6570350d2a03a62b04ad",124.8337223,124.8064408,124.7906656,124.2356294,123.8548551,124.3436488,123.9402414,123.9166323,"implicit","c2"
"5f4f992549b178067cf324e6",131.6682916,128.3627452,130.8261534,130.1734036,129.8005125,125.9817478,124.1634451,123.9032718,"implicit","c1"
"5f4faaa571ef8408ff74c288",128.3328809,126.5909323,128.413795,128.4152451,128.413795,126.1012752,126.5842122,126.0470048,"implicit","c2"
"5f4fc32d2441210c37877f18",122.4636103,120.5511551,122.0251236,122.1400801,121.9010834,120.2911589,120.2101364,120.1384205,"implicit","c2"
"5f5019c52a87ef18955943ea",114.3736238,112.7743807,113.7633545,114.3736157,112.77291,111.9405609,112.7731709,111.4264203,"implicit","c1"
"5f50468c0868af1baaec306c",103.8814874,103.6805742,103.3754037,103.5667841,103.330709,103.1291348,103.2207672,102.6016922,"implicit","c1"
"5f50971f1f546c20b53d26c4",135.7346857,135.5575606,135.6429491,133.6311909,133.5664833,135.2582793,133.4994583,133.4177318,"implicit","c2"
"5f50aeae3f09db22047804d9",126.5391955,125.6355522,126.1573344,123.8321795,123.8086187,124.5534776,123.52588,122.8144171,"implicit","c2"
"5f50d630390521264e606772",112.4331029,106.7732216,110.0701481,112.4330235,110.067272,106.2805568,106.1293852,105.4156232,"implicit","c1"
"5f5101121f546c2b644e41b0",119.2473378,119.0991486,117.5201798,119.1859678,117.203117,117.0707803,118.9737519,117.0632458,"implicit","c1"
"5f51587f36e91f38fbf34c23",124.2270759,124.1626933,124.0986541,124.1079099,123.8606039,123.9946858,123.5530679,123.0907952,"implicit","c1"
"5f528db73f17ae5606005f6c",125.8882886,123.1588794,125.7847751,124.4806713,124.4225186,122.9752939,122.9377986,122.8951502,"implicit","c2"
"5f53ffa9a0830d765571ef78",115.8199778,111.7342318,114.6524117,113.73001,112.5215245,111.536881,111.2113599,110.2214375,"implicit","c2"
"5f5415abe10630780cb30e3a",113.9457486,112.9186944,113.8605089,113.7693375,113.7001681,112.8448467,112.3850396,112.3628278,"implicit","c1"
"5f563604c10c9401bb8fb740",117.0905252,117.606739,117.6642545,117.6661015,117.6642545,116.994332,117.3840541,115.6959909,"implicit","c1"
"5f564156bc177503366290ed",122.4137496,122.3373513,122.071794,122.3879167,121.8288419,121.0008888,121.0819465,120.6585264,"implicit","c1"
"5f564ebd9208010453abcb23",131.7156698,130.3348021,131.675392,130.4838368,130.0256982,129.7120395,129.2564522,129.2492518,"implicit","c2"
"5f588bf925314d3f9e99b988",129.505179,130.0285502,130.0391136,130.0425055,130.0391136,129.2985116,129.2389152,128.8495391,"implicit","c2"
"5f58a1a14825fd011981fe97",120.1927146,114.5692515,120.1763692,119.0378579,118.4384704,113.1685786,113.4721861,113.1660931,"implicit","c1"
"5f58b133082c5b033d0305c2",119.4020822,118.3912289,119.3752128,119.3039764,119.2106632,118.0592045,118.0667711,117.8622758,"implicit","c2"
"5f58e183dde6c808fc8027d4",132.2254052,131.8537038,130.9258467,132.0253316,129.6240795,129.923145,131.8430739,128.9583812,"implicit","c1"
"5f591c456ff70210cd996f91",118.6722594,114.8486468,117.3160488,116.7372242,116.3111769,114.6111874,114.7573826,112.9340705,"implicit","c2"
"5f5926557e7ef112f3f1092a",140.056208,139.8772474,140.0291266,137.38759,137.1906239,135.2792732,135.9130721,135.2047562,"implicit","c2"
"5f5a11c96cb36105eb12ea19",137.6693882,137.6415266,137.6644582,137.596357,137.5848995,137.6334502,137.4241727,137.4118481,"implicit","c2"
"5f5a1b168b72aa0678d150a2",101.867825,102.0306611,102.0306644,102.0314474,102.0306644,102.0306608,101.2582125,101.2539722,"implicit","c1"
"5f5b44d054801724bc971d50",114.7101618,114.6897956,114.5780682,112.8857894,110.2935009,113.590574,109.6424244,108.6754468,"implicit","c2"
"5f5ba24c66811130d94d6d4b",122.6655195,121.335401,121.8621168,121.1173689,119.1108005,120.8695919,119.8746422,118.5282871,"implicit","c1"
"5f5c869c40a26147adf93feb",131.053759,131.2707012,131.270736,131.2727929,130.1693005,131.094871,131.2707012,130.158941,"implicit","c2"
"5f5e32a0d6a12c6857b8e127",109.5757295,108.7015379,109.1937555,109.0575088,108.2762611,108.701529,108.2970633,107.9634387,"implicit","c1"
"5f5e9f1718746376c843da85",133.0292712,133.1911996,133.1898477,133.191484,133.1898475,132.215465,133.1898234,132.1763152,"implicit","c2"
"5f5eefeb6681117c72434346",101.3923715,94.21320901,97.47835344,100.6768433,96.73545281,93.18422479,93.56524727,91.68836362,"implicit","c1"
"5f5f5b349e4dd600097102f9",117.9201391,116.0437238,117.8937714,117.2259414,117.0884845,115.8674236,115.9004679,115.6725078,"implicit","c2"
"5f5fb97269349a05419f2f70",126.2364449,125.9209924,125.0313796,123.6030959,122.8566974,124.3051536,121.7067881,120.8823774,"implicit","c1"
"5f609c9b81727203d977a054",124.9458769,123.2340312,124.0430227,123.8850018,122.3373511,122.7919255,123.0144145,120.0556218,"implicit","c2"
"5f60babb8abd17015b31c9fa",109.7339987,107.9911202,109.7303445,109.696055,109.6896354,109.3560467,109.3362957,108.7295,"implicit","c1"
"5f613b71b55b6e0b88cffa23",120.4436264,120.7377459,120.7377616,120.7389592,120.7377616,120.7377459,120.737746,120.737746,"implicit","c1"
"5f621effe45bc22013725bb3",126.6642263,126.7942218,126.7942495,126.7948382,126.7942495,125.9154482,126.2634076,125.8335805,"implicit","c1"
"5f6303c9c71cbc268785f3a9",120.2670018,118.9276235,120.3229977,120.3235341,120.3229977,118.2850759,117.8534955,117.4645924,"implicit","c1"
"5f639d4cc3998c0b688f6e41",118.2485349,118.3799621,118.3799831,118.3807446,118.3799832,118.1163215,118.3799621,116.8503235,"implicit","c1"
"5f63a5459301b60c5597dfd1",128.9017926,128.4494117,128.8350106,128.848341,128.7826664,128.2104465,128.301825,128.1706544,"implicit","c2"
"5f64472faef9bf1cb8d6f35a",121.010853,119.6421969,120.6231691,118.6439079,118.4138175,118.9731762,118.5705937,117.6584005,"implicit","c1"
"5f647fcd4e8ef821caefc1fb",121.9685434,114.9224174,118.1653196,121.6113117,117.8130932,114.4338089,114.5424153,113.938789,"implicit","c1"
"5f653a8a5914b30b4d24c365",142.5618859,140.8064807,142.5833696,141.1790448,140.9933029,140.493713,139.7787278,136.9055587,"implicit","c1"
"5f6601a123696e18b3d15317",138.2777489,138.872399,138.8827508,138.8836247,138.8827508,138.8298763,138.8143741,138.7289516,"implicit","c1"
"5f66ec66c3359c2e52427a0c",138.1009292,137.6247846,137.4022907,138.1002075,137.3977633,137.2736555,137.6232982,137.2366238,"implicit","c2"
"5f677b748c011837e12cba61",135.6728348,135.1003319,135.6426575,134.9833124,134.0392767,135.1002221,127.589435,127.3548332,"implicit","c1"
"5f68d7993c3b4f06c25859eb",133.2875683,133.4046861,133.4046872,133.405189,133.4046873,133.2004725,132.7272368,133.1294465,"implicit","c1"
"5f68edc8ac55220981904e80",123.1214467,121.7224511,122.999958,122.3794478,122.295875,121.4188447,121.5946594,121.3689812,"implicit","c2"
"5f68f49a0790d509a8d9f7f9",122.0697043,121.6985746,122.0673073,121.5327006,121.3923294,121.5923905,121.3169558,121.2803481,"implicit","c2"
"5f68fd99e2943e0c5c398792",129.5605388,129.6563118,129.670963,129.6722153,129.670963,129.6249177,129.6133165,129.6249142,"implicit","c2"
"5f69ca3d8553b6000a2715ff",126.6806907,126.3641143,126.1190093,125.6776144,125.5414175,125.7780629,124.6386374,124.3543792,"implicit","c1"
"5f6b53dff3251a01b4a95dde",130.9486583,126.7370297,126.0364126,129.0639371,125.9953135,126.0239424,124.7816595,124.6286256,"implicit","c2"
"5f6b864088ffa80a6a0be161",118.1625709,118.0074235,118.1139446,118.1579102,118.1051468,117.5081636,116.2486824,115.4619114,"implicit","c1"
"5f6be3e89f0c8c15bb59d13d",120.7599665,120.104905,120.804786,120.8051253,120.804786,120.1049027,119.7092785,119.2008329,"implicit","c1"
"5f6c102b6ec04317fc9a8127",132.5618679,132.2753205,132.5530007,132.4593142,132.458754,132.221817,131.1612562,131.1576513,"implicit","c2"
"5f6f1cd4cd112047a7b7f453",132.4878353,132.518008,133.0608663,133.0620198,133.0608663,131.8081023,128.1043203,127.9759364,"implicit","c1"
"5f6f28ca6df91347f156ad9a",127.8976737,126.7003082,127.0220391,126.1604965,125.9573792,126.0319931,125.8364067,125.7619352,"implicit","c2"
"5f6f56ee8641834cfbb0528e",110.2406923,109.3915778,110.1282892,110.0615111,109.7801333,108.6148842,109.052414,108.6176329,"implicit","c1"
"5f6ffa63418e385cbb9c1547",127.4139103,126.7380713,126.9669347,127.0746755,125.1705093,125.7574123,125.8748318,124.9593081,"implicit","c1"
"5f71700e3d36b17a67b49786",119.5144832,116.2204345,119.3669985,119.4374765,119.3211035,115.0680832,114.7993819,114.7968717,"implicit","c2"
"5f7197fef298597c841d9ea7",134.5144562,132.8365164,133.7362109,131.3241706,129.8219596,130.5855159,129.8460135,128.9633401,"implicit","c2"
"5f71b12bd1bccb015adbc8d1",119.9765833,112.7721614,116.1802694,118.9772715,114.6918488,111.6710216,110.426806,109.8228039,"implicit","c2"
"5f71b638abde5e02b9195ec1",125.9718723,125.5297903,125.9579281,122.015579,121.9923411,125.4247195,121.8504471,120.9239476,"implicit","c2"
"5f71dfec152d6307c0637e66",129.1637989,130.3813354,130.3813956,130.3866001,130.3813956,130.3242611,130.3813353,130.1369304,"implicit","c2"
"5f75f66541d27f011212af83",125.7822266,125.7322839,125.7848469,125.3597372,124.8591842,124.4318944,122.6214073,122.5697005,"implicit","c1"
"5f767a59fb2b4b12f29eae05",130.3551883,129.9422091,130.252116,129.6610539,127.4930392,126.2404703,124.7594454,123.9408522,"implicit","c1"
"6",112.8372152,105.00789,112.2852522,112.3291617,111.8373376,104.7517002,104.9677058,104.6987919,"explicit","c2"
"7",119.1788573,116.006718,118.2945166,118.3509267,117.8256832,115.9826957,115.9749614,115.9670288,"explicit","c2"
"8",132.3526682,128.3362407,131.5890991,131.1489727,130.1207728,128.3309753,128.2732478,128.2223577,"explicit","c2"
"A0533430WOF7V9XR82TB",123.1972032,121.8685973,122.3330582,123.0465107,121.987271,120.8792586,121.2664886,120.8386029,"explicit","c2"
"A1036BH0RBAF1O",121.9861067,120.8754584,121.8469515,121.7550014,121.5853043,119.5019487,120.5863987,119.3070079,"explicit","c1"
"A10BH9PYCYUKDJ",133.9108105,129.9672742,131.8912748,130.4520298,129.8938868,129.76506,128.3779895,128.3763878,"explicit","c2"
"A10LLZZHZVGWRW",133.8104881,133.3032758,133.0271407,132.2066008,132.1325814,132.7588954,131.9898952,130.0223627,"explicit","c2"
"A10U3R76C454PP",112.1545432,111.7257513,112.0152,109.9842757,108.9572477,111.2244542,109.4729797,106.4160807,"explicit","c1"
"A110JX7PI2TTSS",108.225926,107.6023364,108.119149,108.225903,108.1132716,106.9617392,107.5103448,107.5039166,"explicit","c1"
"A11NPNK8885N99",118.5463792,116.2127696,114.4726038,117.5308272,114.1444771,113.9621947,115.7992456,113.5641141,"explicit","c2"
"A11R8G0FYA2UVQ",115.9614242,111.8602926,106.0176264,115.5542678,105.8538106,101.0680064,108.4357212,100.9871179,"explicit","c1"
"A125FN8IYVB93O",126.0922491,126.0112109,125.9017991,124.4648218,124.0042381,124.5692938,122.0878568,120.97573,"explicit","c1"
"A12GJUCS7AJ4K",113.2444287,108.2197495,111.1514049,110.8951452,108.9281301,107.0282189,106.7596335,106.3836999,"explicit","c2"
"A12IOD8IXOEL1P",130.9143157,129.4690846,127.6633511,129.9108516,127.6290814,126.8763948,128.9580663,126.8753957,"explicit","c2"
"A12SMSQ6D5227J",131.5392304,129.902746,131.3270249,131.4037097,131.141765,129.8168099,129.602328,129.5576588,"explicit","c2"
"A130P4M9JPT4YA",132.5699771,132.3247462,132.3965223,132.1679319,132.0433808,132.1013492,132.0210251,131.9034692,"explicit","c2"
"A13FT8BNX9UUP8",117.5774437,115.7829032,116.2529499,117.5505353,115.9269367,115.3482654,115.0466262,115.0020716,"explicit","c2"
"A13JDX06ZXN4KJ",115.5519845,114.6813035,113.4211126,115.4975387,113.17357,112.5805265,114.4010351,112.5151244,"explicit","c1"
"A13T61GJTR2Y9B",118.1296757,117.8942066,117.3279307,118.1014346,112.4713427,114.1350469,117.7282855,111.7854807,"explicit","c2"
"A13VIJ7G997ZCY",102.5490846,79.23379009,87.87729365,102.1143317,86.92456582,78.50260017,76.68865971,73.30896177,"explicit","c2"
"A147F5PJTHOB8A",109.2959522,109.0468669,109.2923471,109.2912177,109.2420105,109.0446038,109.0379438,107.7362582,"explicit","c1"
"A14A8J5H98KLO6",99.11435237,91.53570086,98.12932958,98.6433603,98.07185958,91.52822031,91.4794404,91.47193049,"explicit","c1"
"A14I3K8UN3612X",131.6447672,131.6550643,131.6707295,131.6709759,131.6707294,131.6511653,131.3829279,131.358335,"explicit","c1"
"A14NP6X071S7GK",118.4960945,116.1147167,117.5280586,118.4945373,117.0834848,115.2455962,115.6535336,114.207039,"explicit","c1"
"A150GMV1YQWWB3",114.7518348,113.3302377,111.3815155,114.6907335,111.2714475,110.7143186,113.319874,110.6646583,"explicit","c1"
"A15A09BRS1Q8W0",122.868264,122.6467649,122.7951149,122.3896043,122.3467374,122.2987179,121.8876024,121.4667209,"explicit","c1"
"A163J5TEJBO43B",122.7048816,119.5755484,121.6471173,121.7329124,120.5223306,119.5051883,119.369395,119.3693031,"explicit","c1"
"A16HSMUJ7C7QA7",128.9090997,127.5599017,128.881398,126.7228871,126.6326781,127.5069431,126.296349,126.1724004,"explicit","c2"
"A170EDGL8ZWMSL",103.5148827,102.5954371,103.4926869,103.4909655,103.4736431,102.5038621,102.5047718,102.3858446,"explicit","c2"
"A171S8E9IFSHH2",121.7449037,120.2659074,121.3954417,121.6643775,121.3949894,119.8996711,119.2667039,119.2556605,"explicit","c1"
"A175PJR0W3LO8I",97.0721771,92.17357854,94.32286306,96.36672285,92.53669705,91.71364001,91.89127361,91.28430403,"explicit","c1"
"A1909MOQZUXZZ5",100.6455773,99.3207596,99.8492011,100.4460909,99.2343231,99.23727155,99.28256245,98.98913807,"explicit","c1"
"A1945USNZHTROX",128.2380701,124.7011985,125.4655224,127.7601635,125.4622812,124.5257102,124.0577192,123.6679428,"explicit","c1"
"A19CB2C4GY4C60",114.2661558,107.2471772,112.3420932,113.7905626,112.2655513,107.0711509,106.9519985,106.8608415,"explicit","c1"
"A19ED8FYO6CA36",111.6282228,111.4209356,111.6263731,111.6280565,111.6261625,111.3245816,111.4203599,111.2688119,"explicit","c2"
"A1A1A9UHNQCI9Y",121.4698896,119.5359647,119.7954876,118.8845277,115.3973514,118.6811964,117.4310646,115.3507313,"explicit","c2"
"A1AJG4BGSRPC93",126.3477664,123.3675394,125.4229325,126.2232742,124.7802453,123.2596046,122.4592602,120.9173088,"explicit","c1"
"A1AVKKVWWFUGLT",112.2649314,110.5781112,110.3228784,112.1391847,110.0698194,108.7843352,110.3656198,108.2636603,"explicit","c1"
"A1AYWUSULABAXL",114.5146521,111.7624505,112.8211442,114.4482379,112.2291301,111.2233517,111.7506714,111.0162018,"explicit","c1"
"A1B1JQW3W13ODO",110.107085,108.4067967,108.8427494,109.741746,108.1476555,107.7040155,108.0597141,107.244246,"explicit","c2"
"A1BAEFJ2OG7NJ0",133.2750958,133.2239439,133.2368065,133.0898964,133.0813238,132.1504585,132.6542009,132.0970355,"explicit","c2"
"A1BHINLXH3E2GJ",109.6759478,108.9523257,107.6801649,109.6089203,107.5373919,107.6693272,108.9327016,107.4794837,"explicit","c2"
"A1BSOOHNHX51RI",118.4205972,118.3429671,118.3385268,117.71153,117.3109116,118.2229589,117.3824316,117.1727198,"explicit","c1"
"A1DJNUJZN8FE7N",131.8793538,131.4442563,131.6013628,131.7447357,131.5731507,131.3814182,131.4183603,131.1451526,"explicit","c2"
"A1EI4NMV2EHSIY",105.3253181,101.4042247,101.7081535,105.2874628,101.6437161,100.6067118,99.62946214,98.92302754,"explicit","c1"
"A1ETJBNTO9ZWZ8",129.8854542,127.8186573,126.5830203,126.4952212,125.190507,123.2748041,123.6943612,123.2247894,"explicit","c2"
"A1FQGVP8SX5WE2",123.6205154,123.1031368,122.5980689,122.4627888,120.3043207,118.8668847,121.6534798,118.309081,"explicit","c1"
"A1GKEEI844CEKI",123.0417969,118.3140923,121.5928716,123.0372902,121.5804402,118.1514717,118.09223,118.0436383,"explicit","c1"
"A1GV0UZU0T2ORS",104.2529988,93.70498917,95.15898717,103.5855763,95.13253143,92.63021297,91.90229112,91.25951193,"explicit","c1"
"A1H162QMRV01SA",107.5028406,105.7374637,106.8321419,107.3389716,106.1479886,105.736548,105.6401206,105.1906563,"explicit","c1"
"A1J0GU26323WVA",135.5144062,134.5516349,135.1957388,135.2509968,134.8345267,134.245664,134.3967817,134.0318476,"explicit","c2"
"A1JO6AY55FG7QU",128.2061555,125.9989723,128.0394622,127.0098457,126.9119984,125.4681986,124.9368157,123.9335449,"explicit","c2"
"A1KFIQBETMB81I",108.9805695,95.56120309,101.1566252,108.9357374,101.0547276,94.60896425,94.60025727,93.90104974,"explicit","c1"
"A1KQWBK5WHCNYQ",110.0992352,109.9881359,109.2367532,110.0293775,108.1446326,108.9759668,109.8108174,107.7927647,"explicit","c2"
"A1L0G5ZGQPEF5I",83.19351743,57.99319038,77.45135462,83.18652258,77.26852324,57.68512512,54.29797626,54.01726578,"explicit","c2"
"A1L1SQ488YCCFJ",123.359612,121.5078505,121.9041928,123.3167404,121.7223371,120.8231674,119.8584081,119.4562002,"explicit","c1"
"A1LXW53Z5S9XG",126.6353107,121.6355121,123.7288831,126.6186743,122.9820905,121.5006635,121.5816785,121.430272,"explicit","c2"
"A1MQ9B05ZMM4YI",118.303726,117.5419067,118.1141638,116.5044946,116.5043143,117.1794254,113.8150639,113.1312399,"explicit","c1"
"A1MTRZDRKNB9GV",104.2832543,103.5093305,104.0888568,104.0704736,103.8649872,103.3502652,103.247755,103.1477189,"explicit","c1"
"A1NKBXOTZAI1YK",129.5604785,128.8306736,128.5783639,129.5207426,128.547124,128.36353,128.6523374,127.6630674,"explicit","c2"
"A1OIITZ4Z8WEW",116.2675792,116.2190852,116.3297828,116.3301885,116.2375274,116.1321896,116.0189206,115.7085313,"explicit","c1"
"A1OQIXAU1SEJ4P",126.2053788,120.2167354,122.0760124,126.1683923,120.7490914,120.1416638,119.1228233,119.0747909,"explicit","c2"
"A1OU8F92A7M3MR",135.3036669,133.8834346,133.605286,133.8144577,132.4295451,132.7820392,131.8205127,131.3355462,"implicit","c2"
"A1PAY3X73PQ16S",124.3652975,123.886697,124.0762172,122.4791811,121.9673087,123.2692554,122.4058136,121.9102444,"explicit","c2"
"A1PJLZSOUQ4MIL",125.4282553,123.6254132,125.0001574,124.5576034,123.0587672,123.0145349,123.576464,121.7478236,"explicit","c2"
"A1QA5EWFMNKGTA",112.2413126,111.3186121,111.7386568,112.2385368,111.7125381,111.2797713,111.3178945,111.2779748,"explicit","c1"
"A1QG4WF9ZTZTK2",126.9683314,124.305251,125.0547465,126.2532128,124.5209085,124.0104626,123.8855025,123.7108653,"explicit","c2"
"A1QX1RYLCFXZJ9",130.5265503,129.1548308,130.3186504,130.2612555,130.1320539,128.2929716,129.0650189,127.9277536,"explicit","c2"
"A1R0689JPSQ3OF",110.2674143,107.1421415,108.7366431,110.2120788,108.4529103,107.0671382,107.0632926,106.7448771,"explicit","c1"
"A1RQQFUQ2GU9IZ",115.0603294,110.9451199,114.7638736,115.0585968,114.7095799,110.6726997,110.9154223,110.555551,"explicit","c1"
"A1RV2LERVS0A4H",101.5052953,100.5540246,98.98207588,101.386401,98.94371982,98.63564244,99.69584553,98.5936858,"explicit","c1"
"A1SCNO7L71ITFY",124.1595626,123.8748311,123.6166918,124.159544,123.6164943,122.4958517,123.8289599,122.4714081,"explicit","c2"
"A1TKDI651DU67G",135.2370632,133.8580975,133.3006501,132.685532,131.5278879,132.8837726,132.6744177,131.4099457,"explicit","c1"
"A1U0GNE5ELW5V7",107.9530142,102.1597015,107.9467989,102.8990029,102.1823427,101.947215,99.60193386,99.22166923,"explicit","c2"
"A1UH396UOK0X9Z",112.1004107,111.6885635,112.0267327,112.0661805,111.9671819,110.5852269,111.4539108,110.3446752,"explicit","c1"
"A1V1JNPU0KOA3X",116.9600083,115.0701429,116.9480757,116.5955027,116.588304,113.5952581,113.0283705,112.7803454,"explicit","c1"
"A1V2H0UF94ATWY",119.7346373,118.9028092,119.4355603,118.9029572,118.7237871,118.8858439,117.8361989,117.6489233,"explicit","c2"
"A1VSHM4NLZ705D",118.2603998,118.0672376,118.2120032,118.2594111,118.1921787,118.0470915,118.0601221,116.935776,"explicit","c2"
"A1VW8Y7XCV3DRW",116.4338633,112.7551447,114.7724796,115.4385865,114.1466502,112.7513199,112.5841986,112.4095425,"explicit","c2"
"A1XAOEDK0Y2KBT",117.2783545,115.8844676,115.612853,115.410064,115.4095643,115.4971247,115.240743,114.3343027,"explicit","c2"
"A1XLGIFFGB01EU",105.5256282,102.9734963,105.4058087,105.5256281,105.3087957,102.7471706,102.9663517,102.7375769,"explicit","c1"
"A1Y0Y6U906ABT5",133.7995304,132.1014363,133.2428775,131.2252482,129.1821694,129.2595852,128.2683389,128.1656543,"explicit","c2"
"A1YC558J4E5KZ",109.0402387,102.8697572,106.7910303,108.4143428,105.6773228,102.8235804,100.1157664,99.89554877,"explicit","c1"
"A1YSYI926BBOHW",118.1373992,116.541087,116.9745704,117.9530465,116.9317048,113.1496123,113.489159,113.047022,"explicit","c2"
"A1ZD9SJXQ9C6EW",123.0052944,119.0789203,122.384685,117.6167541,117.0021292,118.4568213,117.2522233,116.7525864,"explicit","c2"
"A1ZQ7A1CUV6RD8",123.3030423,120.9512882,123.2983409,122.7358647,122.5153061,120.766675,119.6133511,118.2461723,"explicit","c1"
"A1ZRK6K5JUPJAV",103.9609518,96.39201618,103.4827275,102.6830388,102.2828683,96.10493597,95.03019388,93.72994527,"explicit","c1"
"A20BMZQJS92QY2",116.6222474,110.8021597,116.1721241,116.6183292,116.1720743,110.0837203,110.3886604,109.7569734,"explicit","c1"
"A20NITCOBY4775",96.84930775,96.69030245,96.83249493,96.13121723,96.04863183,94.7748418,95.96283223,94.74493663,"explicit","c1"
"A20X14OMRL0YPZ",114.0033146,97.15443035,104.1298023,108.6862076,102.4699988,96.88633412,96.88618944,95.43128083,"explicit","c2"
"A21753FQKCM5DQ",107.601953,107.5996291,105.7442025,105.0048136,102.9026292,101.4546132,102.3134046,98.61561067,"explicit","c1"
"A219VCQZADQ45W",100.7725476,93.85036822,97.28571997,100.5539064,96.9267805,93.84313794,93.82191471,93.82120497,"explicit","c2"
"A21EFJ972J40T6",121.2489342,118.4922949,119.124977,120.9338138,118.8759142,118.3326611,118.3091083,118.2753802,"explicit","c2"
"A21OUW3P5NAE8D",113.4822072,111.4982701,113.1825613,113.4821272,112.7815331,111.3933941,110.5161225,109.8395314,"explicit","c1"
"A228YSXU6H27QT",110.0778913,108.2545426,109.1272197,109.8255079,108.7452691,106.7916579,107.2520678,105.9586673,"explicit","c1"
"A230VUDYOCRZ4N",115.1111735,109.7397745,114.6813735,112.6740099,112.41141,107.5751843,107.6468904,106.718042,"explicit","c1"
"A2389DERMNF3ZB",125.4141852,123.7598453,125.4140192,123.8346106,123.7911496,123.5091589,121.8098035,121.7679393,"explicit","c2"
"A24F42H3K58D8A",126.7082144,114.398039,125.4343074,126.7082114,124.5589349,114.0166972,114.0071135,113.9909887,"explicit","c1"
"A24LUXW1DB1QI5",136.0013615,135.175298,135.4941551,132.5550467,130.0864558,134.2726263,129.2011556,128.9846171,"explicit","c2"
"A25AX0DNHKJCQT",108.4685466,108.0696559,108.1933116,107.3172706,103.059144,103.8713549,104.5873385,101.864831,"explicit","c1"
"A25D66AC4QUW2U",109.0801164,107.1289853,108.6314469,107.5661591,105.5412985,105.7341746,98.94682797,98.92756361,"explicit","c1"
"A25DHXVNVC0VPW",126.176921,125.0833232,125.3059891,121.8013183,119.7077404,124.58605,120.3876715,119.5488257,"explicit","c2"
"A26D2ZZKJW7BXR",110.6266805,107.0999678,110.5771877,108.4871723,108.3575729,106.379073,105.3305878,104.9686391,"explicit","c1"
"A26GF078IX9A43",107.9918176,106.2135565,106.2633919,107.0258231,105.3515814,105.5684128,104.7545186,104.302044,"explicit","c1"
"A26TY8FHMJ183C",129.8877298,127.7869967,127.9269029,127.7428828,126.2030943,127.5846769,126.3251748,125.7687871,"explicit","c2"
"A26XN1TM6CV01T",111.8121522,108.5182191,111.6525892,111.2308227,111.0022486,108.5104187,108.3702582,108.2978211,"explicit","c1"
"A26Y58YECZUZZG",143.8269479,125.9964417,143.798022,142.8831555,141.1488641,125.9762898,125.9955789,125.9730875,"explicit","c1"
"A273DS7TQWR9M1",103.2646167,103.0712374,102.8317776,102.960124,102.4502715,102.7938104,102.8018151,102.3574752,"explicit","c2"
"A27BUT19WQ6P1O",115.4167664,114.7569909,113.9618669,114.6980224,113.2483411,113.7754605,112.5440641,111.6823954,"explicit","c1"
"A27HVVLSZZ13XK",119.5965433,118.9950251,119.5191876,118.5260265,118.4939568,117.9130344,118.2533119,117.4372847,"explicit","c1"
"A27SMEOPKV84VI",130.0638698,129.1734219,127.6981294,128.0188569,126.7420213,126.3719303,125.9701593,125.7982014,"explicit","c2"
"A289DF24X3Q8JZ",127.6586071,127.086747,127.5734709,126.4136195,126.0599107,124.7350568,125.8361618,124.6842126,"explicit","c2"
"A2A07J1P6YEW6Z",108.7748809,104.0865554,105.0729097,108.1296417,104.4525724,104.0864605,103.9934926,103.8158338,"explicit","c1"
"A2AAY4VT9L71SY",132.6667786,130.5336145,131.8845106,132.6453113,130.247847,130.0361843,128.8669967,128.5280675,"explicit","c2"
"A2B6WQG0A9CKXQ",113.5677749,110.6715893,112.970911,112.0064699,110.962922,110.216573,109.4802462,109.2886987,"explicit","c2"
"A2B8HPIZDKYKDR",111.9294226,109.0149434,111.5051196,109.7669312,109.0516743,108.3304263,107.8992665,107.7059007,"explicit","c2"
"A2BOXK0KVXGKPU",123.1980846,122.4492954,122.3816019,122.4058316,121.8929309,121.5784111,121.8363633,121.4078241,"explicit","c2"
"A2C0QNEIOSKAV5",139.177054,135.1776106,139.1754824,130.3674033,129.6727311,132.8884245,130.0527515,129.4709823,"explicit","c2"
"A2CCK1JKX48R0H",140.3367057,134.4179024,140.3298844,138.8696373,138.1673348,129.8830634,134.1071433,129.7817851,"explicit","c1"
"A2CK0OXMPOR9LE",107.2380879,105.2211865,107.2118182,107.1790843,107.1633034,104.9322678,105.069,104.6519773,"explicit","c1"
"A2CQP9DZSDUC5V",117.4040026,112.2828043,114.2819364,117.2934358,113.757445,112.2827699,111.6665592,111.6616275,"explicit","c2"
"A2CU75UPXCS8J6",125.7842504,123.0611709,124.7724771,125.599188,124.6927187,122.7190347,122.949219,122.7155917,"explicit","c2"
"A2E2KUU1GGRKQ6",120.8777864,118.3465685,120.508377,120.8764149,120.4834354,118.3228575,118.2352634,118.2352028,"explicit","c1"
"A2EA2PN47ZWILX",116.8296467,115.4853462,116.2514893,115.3846169,115.2403223,115.3565056,114.1003557,112.6769627,"explicit","c1"
"A2EDI66B0KTBEH",114.1608382,110.1387998,113.2156184,113.9957034,112.2614842,109.2607294,107.8789471,107.1410452,"explicit","c2"
"A2ELH6CUC5Y8J4",110.6550015,109.7553787,110.0120146,110.4012351,109.81672,109.5964869,109.6652679,109.326789,"explicit","c2"
"A2F48NO7AD9VKK",122.863085,120.9149505,121.5820459,122.8354172,121.5583628,120.249647,120.4378088,120.2359909,"explicit","c1"
"A2FBT0BSFOV91D",132.0743791,131.4364014,131.8961026,130.8598842,130.1487038,130.3263326,130.3449608,129.7426133,"explicit","c2"
"A2FE6HDHREXIJ5",111.6691156,111.4804121,111.4693717,111.666784,110.5267678,111.2748972,111.2310886,110.4345803,"explicit","c2"
"A2FUMA4UR6S920",129.9580047,128.5871749,128.2591805,125.2600046,122.8886156,124.5489345,121.5970789,121.5221686,"explicit","c2"
"A2GFB2S1C9P9RM",122.0307701,120.8535953,121.9965948,120.8655796,119.853992,120.6626596,117.8071775,119.0523397,"explicit","c1"
"A2HGRSPR50ENHL",120.9062913,120.4170121,120.8532994,120.2449006,118.9368367,120.2337719,119.6477246,118.6532649,"explicit","c1"
"A2HHKBW8HQWI66",119.3234586,117.3774835,116.2764932,119.3017806,115.8558749,110.3378834,116.9502731,109.9358884,"explicit","c1"
"A2HOUSKURBF8UA",99.79252768,88.21289922,92.62325973,98.17545777,92.60889285,87.89014624,88.212562,87.6262152,"explicit","c2"
"A2I19TY4P5IAIE",105.9795462,101.6813641,105.6742865,105.9794209,105.673992,101.3004143,101.3709351,101.2332163,"explicit","c2"
"A2I4A4WGWII18Z",108.9837434,105.0156362,106.4396647,107.9980013,105.4799174,104.0777355,102.9468002,102.9445846,"explicit","c1"
"A2I960JYUZ8KAV",122.8126765,121.7597029,122.6035818,122.0761864,119.7120097,121.6788665,121.7164554,119.4336525,"explicit","c1"
"A2IKSCWK5EOG79",109.8728563,109.3176653,108.6926815,109.4712948,107.907693,108.0540284,109.1694148,107.7308744,"explicit","c1"
"A2IMMQ5AS3ZK78",118.3662013,117.1020708,117.9827541,117.6231975,117.6101494,117.0342821,116.1731288,115.3198141,"explicit","c2"
"A2IU5TX5S0FA1C",117.0214909,115.8845561,116.3954485,116.3762063,115.583174,114.9999138,115.778462,114.4931274,"explicit","c1"
"A2J2P9JE374XCM",119.477472,116.8707372,119.4756774,119.4255818,119.4254661,116.8681157,116.8166376,116.8051774,"explicit","c2"
"A2JRONMDBUJT3K",108.2624682,104.9716733,108.224298,107.9863677,107.9512226,104.7080333,104.5718112,104.4771327,"explicit","c1"
"A2KD1OZMH8ERI7",124.4111481,122.9899281,122.6266716,118.304762,118.3046283,120.9174929,117.4653841,117.4034456,"explicit","c2"
"A2KLJKDG90K1PP",122.2536927,122.0969015,122.157952,121.6216337,121.1986638,121.9181232,121.4209619,121.0456254,"explicit","c2"
"A2KPT0PEUEXCC4",111.0863095,110.4109468,110.3142741,109.2303443,109.063718,110.0500808,108.6859501,108.6368114,"explicit","c2"
"A2KVYRNL2CK95F",105.3781605,104.1997077,104.6233745,105.1527487,104.5261074,102.5176677,104.1055264,102.4575172,"explicit","c1"
"A2LB6Y4389IH95",117.2377344,114.7731413,115.3538666,117.0269564,115.2684042,112.507159,111.8704498,111.6650027,"explicit","c1"
"A2LCFORIW0NF1S",126.2787365,124.2893324,126.1361839,126.1206919,125.9119901,123.5661755,123.9580652,123.1337468,"explicit","c2"
"A2LPRUXRREYKGO",131.2814123,129.0351455,131.2809135,131.2755832,130.8645791,128.9870287,128.9641176,129.1885623,"explicit","c1"
"A2LT6KC1X51FVW",103.592077,102.8778375,102.7357907,102.5384298,100.5273038,102.4912105,101.7355478,99.6596897,"explicit","c1"
"A2LV5432PV1S39",134.1967402,133.5574422,134.0910378,133.2960429,133.1258197,133.0865632,132.3976962,132.2946745,"explicit","c2"
"A2M3KQ9CKP7YW",121.2278769,115.4522571,118.6860237,116.4999114,112.2524284,113.2100541,113.357884,111.4822957,"explicit","c2"
"A2MCG5W6LHSRG9",90.78449711,89.43229427,90.29622263,87.49793848,86.69117573,88.90636669,85.81190053,80.62344606,"explicit","c1"
"A2MCI9K0K5VX50",104.9950747,97.85849526,101.9617046,104.9674832,101.8894061,97.76764895,97.85840412,97.76755386,"explicit","c1"
"A2MQ6VUSKCQ9FH",121.769694,116.3434585,116.4607424,121.315524,116.2649096,115.806169,112.0461759,111.7793316,"explicit","c2"
"A2NA2OJT15COZY",99.70360869,65.52911958,84.86882323,99.66170532,84.43601932,64.24029897,65.49758435,63.85257767,"explicit","c1"
"A2OQZTSU48GRFG",116.808713,116.6456727,116.650476,116.1208288,116.1187843,116.5267822,116.0842035,116.0834579,"explicit","c1"
"A2R0YYUAWNT7UD",106.1946086,103.5602896,106.0571244,106.1935036,106.0566074,103.5370122,103.56025,103.5335757,"explicit","c1"
"A2R6RDZ07V4KWB",117.1681171,113.3099712,114.1525054,116.4275047,113.8822991,111.1742514,112.7774122,110.7465942,"explicit","c2"
"A2S70WW1VAPKK8",137.5719745,135.7058026,137.227467,136.8736066,136.2907022,134.7306497,135.3544459,134.6973399,"explicit","c2"
"A2SWQM5X54P1O5",128.4568638,128.3117466,128.0785419,128.285335,127.7289997,127.833937,128.2252573,127.6925384,"explicit","c2"
"A2U5QPXLKKSDWY",109.8173506,106.4161201,103.073156,109.1991494,103.0604951,102.0894381,106.2336372,102.0820961,"explicit","c2"
"A2UF2FRGVW4T89",112.8926382,112.7121459,112.3887256,112.7170225,112.1740504,109.4187606,112.4833314,109.3572391,"explicit","c2"
"A2UHMLMFCP9J72",117.3923749,116.5912876,117.3563457,115.831775,115.8135365,116.5805423,115.3417103,114.6413716,"explicit","c2"
"A2UVEVCYVC553J",118.3420602,114.6020552,118.3080016,118.313314,118.2983725,114.1198852,113.6755677,113.1490785,"explicit","c2"
"A2VX8B1CJXRN2",100.741701,97.06299721,98.91134223,100.4974844,98.21555551,97.00991643,96.2625233,94.46138976,"explicit","c1"
"A2VY16N1O40VEL",132.2669809,131.894467,132.16464,130.8395621,130.8138179,131.8088428,130.7905334,130.6951061,"explicit","c2"
"A2W3KKNN3CAY66",116.6958929,112.798713,113.6456652,116.5854972,113.1466422,112.5294518,112.6059488,111.7642187,"explicit","c1"
"A2WGW5Y3ZFBDEC",109.1654738,106.8376767,108.975643,109.1513345,108.0711074,106.5936943,104.8537614,103.9914952,"explicit","c1"
"A2WNW8A4MOR7T7",122.0002403,117.8628687,119.1140718,119.4171449,117.1524772,117.7149622,115.003562,114.9396477,"explicit","c1"
"A2WQT33K6LD9Z5",129.8132307,129.3496839,129.8099477,129.2795928,129.2628475,129.0875119,129.050496,128.427848,"explicit","c2"
"A2WUQGSG1LUJG0",127.3359196,125.9665958,125.8372006,127.0594766,125.8312463,125.4327035,125.9472963,125.2366015,"explicit","c2"
"A2X27TXN39UJH8",146.8841632,146.2686016,146.8835001,145.6223037,145.6043421,146.2682346,145.5387549,145.1393743,"explicit","c2"
"A2XM6C78S9L8UG",129.2509327,128.4666774,129.2116893,129.0111341,129.011122,127.7372999,128.4224216,128.9902152,"explicit","c2"
"A2YAYHZYI7M3HD",133.1038007,132.9231304,132.7459341,131.7617453,131.6869576,132.2499951,131.7242345,131.4366519,"explicit","c2"
"A2YFPO0N4GIS25",103.8570346,82.71396926,88.55295799,103.4475991,85.78655005,71.89975095,78.37683624,71.18213365,"explicit","c2"
"A2YLF04UAKYVF1",124.946906,124.9322727,124.6802728,122.7328112,122.5003667,123.5604375,122.2739607,121.9918981,"explicit","c2"
"A2YYQJ3JWA2KGD",106.9894943,106.4642834,106.5473321,105.8217869,104.8908444,104.8586891,104.9384974,104.1677658,"explicit","c1"
"A2ZDK0Y5466BXN",107.2031256,104.8250219,107.0883884,106.5101351,106.2519186,104.529574,103.7307582,102.9270044,"explicit","c1"
"A2ZJS73XSSMRTD",121.1430223,120.6534567,120.8819556,121.1319552,120.7916378,120.3287087,120.0789279,119.9218022,"explicit","c1"
"A2ZUCKYJE4DPV7",113.6145023,112.5423097,112.8439855,113.5722831,112.8178965,112.4689994,112.4276183,112.4093228,"explicit","c1"
"A3135Y3RMFC3PK",127.9713754,127.5924808,127.2512769,126.9185589,126.3365856,127.1597151,126.5926532,126.2159937,"explicit","c2"
"A314XJY8V1YL12",129.284606,127.1186737,128.2641536,127.997079,126.5581896,126.9078803,125.6098883,125.4679856,"explicit","c2"
"A31XT6RPLN6359",105.4638951,101.0929193,102.0332479,105.3000392,101.6289989,99.98094702,99.81907313,97.91852828,"explicit","c2"
"A31YZ8JR422KFR",105.3886202,98.43447712,102.9634917,105.0728416,102.2377424,95.53058306,96.56896614,92.78567763,"explicit","c1"
"A31Z5TPD8QKE26",106.2587829,88.81474435,88.52797816,106.1824184,88.42852783,86.94864433,88.42711891,86.91367174,"explicit","c2"
"A320QA9HJFUOZO",110.8378179,109.2114282,109.0499902,110.786054,108.9073118,104.0402421,106.2411589,103.786628,"explicit","c1"
"A34930YXVQ8SUT",114.1333826,112.9489831,112.7713995,110.106485,110.0532601,110.1721422,110.1047993,109.0463514,"explicit","c1"
"A359ETX78LN74M",115.9348156,112.4871765,112.7587337,115.3752174,112.3625542,110.7634641,110.9930849,109.6514791,"explicit","c2"
"A35ARURSRU6UAZ",112.7045239,111.5842741,112.7001212,112.5583119,112.2230405,111.2520784,110.3247168,109.0772555,"explicit","c1"
"A35D31QHYQUF9V",99.12002284,99.05152374,97.06800199,97.17356118,94.58513036,93.091809,96.0604047,89.76951558,"explicit","c2"
"A35FHY70T3PL8I",86.91973121,82.10422419,84.85225986,86.87778839,84.85203373,81.96440395,79.76129896,79.50503983,"explicit","c1"
"A35JCNZJI2MQ20",128.948948,128.3542087,128.3939974,128.51867,128.4942006,127.3323557,127.9751172,127.0238706,"explicit","c2"
"A360G7Q6RO5XRL",126.4516464,123.520328,125.3139538,125.6290475,124.4332535,123.4375475,121.9664896,121.6639113,"explicit","c2"
"A36MTY8RSWBZU7",106.5920114,102.5590714,103.5395146,106.4644828,103.5364928,102.3301298,101.8976216,101.6956872,"explicit","c1"
"A36SM7QM8OK3H6",110.1537698,104.870091,107.4725889,110.0463667,107.4431619,102.1941747,103.4700205,102.0529374,"explicit","c1"
"A376F1W1MTY3J",105.4464194,102.501165,105.3967504,105.00826,104.8377944,102.1988824,101.9699423,101.229675,"explicit","c1"
"A37C67DDUBGLQ",129.9367257,129.4033078,129.2367925,129.1399407,126.8527153,128.299858,128.1511348,125.5748997,"explicit","c1"
"A37DFWV5W6PXMS",109.8386242,107.1516557,107.3799806,109.7818029,107.1019643,106.9478894,107.0540562,106.5510161,"explicit","c1"
"A37JENVKZQ56U6",135.176004,134.5040589,135.1158738,133.6332082,133.6321261,133.8535554,133.0021878,132.8675997,"explicit","c2"
"A37WXDYYT7RCZ0",107.5255534,86.82510771,95.20615448,104.4234254,86.53194173,83.24138322,83.37801574,79.28405423,"explicit","c2"
"A37Y5CTJ8HCQER",129.9137314,123.4218244,127.4491808,127.5831363,124.562806,123.3526653,123.3656756,123.1387451,"explicit","c2"
"A3862RIFFUV141",121.1939211,119.0832417,117.7276109,120.2721184,117.5543409,117.1634682,117.498045,117.0540477,"explicit","c2"
"A38NFX88VZDMJ3",131.3251465,130.4975209,131.2120018,130.0662982,128.9451685,129.3551978,130.0340831,128.2721883,"explicit","c2"
"A39C1BN9ZSQ0R2",111.6050268,104.3301949,108.6096269,111.5958408,108.5675355,104.3255167,104.1274291,104.116841,"explicit","c1"
"A39YBLQYIUBR76",124.4251784,123.6942513,124.2226244,124.242692,123.9745634,123.6696339,123.080693,121.7539204,"explicit","c1"
"A3A8P4UR9A0DWQ",124.4285056,122.2021981,123.7821295,123.1869756,122.1704145,121.5041234,121.5971852,120.5239667,"explicit","c1"
"A3ACR8IG31Q7K6",109.6552856,108.0111798,109.6267727,109.6076576,109.5948175,107.769607,107.9821421,107.7307106,"explicit","c1"
"A3B58QWMTBXVE0",95.65237222,76.61475066,89.32026101,95.55567335,88.22703814,76.49338375,76.19925346,72.6944607,"explicit","c1"
"A3BHRFFG75X3GO",123.4815359,122.5138562,120.7391207,123.3408777,120.1020287,119.983696,122.4967379,119.4964007,"explicit","c2"
"A3CR9XJAL7U5JW",116.5944828,115.6301184,116.5936306,116.5930017,116.5912671,115.6011574,115.6154656,115.5934906,"explicit","c1"
"A3CYV47MM7OA6M",113.0503363,112.8612991,112.3054194,112.3178112,111.1418506,110.4239685,111.7104437,109.9634659,"explicit","c1"
"A3D1VTLX623K6I",130.5427844,114.663581,128.3834714,126.8077989,121.2338757,114.6615116,114.5931022,113.9080323,"explicit","c2"
"A3D9L5CQXK1YJL",123.103451,122.6449251,121.5119084,122.7300907,120.319379,120.1592141,121.8507693,119.5864619,"explicit","c1"
"A3DZ46U9XRLVBI",124.2811308,119.3836432,121.1381041,124.2742972,121.1325799,118.8291707,118.8267949,118.3938936,"explicit","c1"
"A3EG4C9T4F5DUR",111.4632155,110.6413291,110.7270806,111.4041904,110.6825688,110.3952704,110.1356121,110.0894285,"explicit","c1"
"A3EYWJCIO1MG9W",107.4733918,107.4473226,106.9537077,105.9795229,105.4270672,104.6456284,101.5019063,101.4641323,"explicit","c2"
"A3F0NFNLOLFJT0",127.6395064,125.2729401,126.046957,127.4716348,125.1340443,125.268558,124.8894887,124.6515613,"explicit","c2"
"A3FAURB3U6YND5",109.9497759,105.4020217,107.9193881,109.2797632,106.7633633,104.6545703,104.84172,104.4051953,"explicit","c2"
"A3FHFGC3V9B3OJ",115.2218451,113.2449092,115.221838,115.1897935,115.1851654,112.3599144,112.9154098,111.3609425,"explicit","c1"
"A3FJCLBK3HF4PD",125.9477193,124.4160575,122.3697325,123.0599134,121.9294303,121.5520034,121.1947706,120.4787792,"explicit","c2"
"A3FYQFWEULR6QB",112.2057659,98.36075237,109.0405211,111.8708137,103.4505929,98.22879126,97.99681412,97.66419721,"explicit","c2"
"A3G2NVZWJQH4YH",103.2443518,102.3977826,102.6129803,102.7907661,102.5674469,102.1715401,102.1215385,101.6994999,"explicit","c2"
"A3G55RJTW3BSGM",114.0999514,113.0425534,114.093255,113.8687884,113.7696266,113.0283024,112.8647145,112.2103585,"explicit","c1"
"A3GIIL73GE2CBQ",127.8282525,126.3219088,126.9961059,126.811213,126.0574881,125.4782981,125.8424688,125.4620263,"explicit","c2"
"A3GK90X2QOFR53",127.6148305,127.0640429,127.5991619,127.6076,127.566115,127.0104933,126.5660742,126.935403,"explicit","c1"
"A3GLUDQZGEJL5G",117.6711455,117.596796,117.4814167,117.237911,116.7529695,117.008326,116.4868719,115.8447794,"explicit","c1"
"A3HMDGRGC5JB7E",136.9975138,136.4165571,136.9961225,135.8970535,135.8938823,136.5884489,135.3543625,134.7506971,"explicit","c2"
"A3HNEYFOIJWPH1",112.575442,110.087892,111.6306336,111.2118162,110.4007646,108.7849022,109.0979373,108.1714806,"explicit","c1"
"A3HTLXAPOBCVVO",108.6796298,108.4937995,107.6223731,107.0586347,106.7643547,106.257037,106.5800319,105.7607756,"explicit","c2"
"A3I9XLIHPPWPN1",112.9684483,111.4215656,111.8640171,111.617224,111.5341718,110.3228692,109.9675966,109.6687182,"explicit","c1"
"A3IHLWMZNBLUR4",119.596893,118.7429887,118.0483838,119.4409757,117.3289219,118.0166892,118.5079878,117.1674169,"explicit","c2"
"A3J2UG22S8BIW4",99.35458481,81.32496939,90.03113495,99.35391366,90.02667701,79.43877628,77.54270979,76.83533074,"explicit","c2"
"A3KNO82DZ519HG",105.4206898,102.5230147,103.1183908,105.4201953,103.1181481,102.2836238,102.2677782,102.1008661,"explicit","c1"
"A3LFVI65XV1T46",126.9315056,124.2807868,125.0864489,125.4464835,124.1395146,124.2805996,123.4950418,123.4915214,"explicit","c2"
"A3NF9B2NLCLZWT",113.4235216,112.935465,110.0133567,110.6942606,105.9272217,108.557012,109.5370321,103.9327887,"explicit","c1"
"A3O7X46E3REM7I",114.514395,113.5388181,114.4273907,114.5142035,114.4273183,113.3901677,113.3600181,113.3000333,"explicit","c1"
"A3OLRWACCCCUTU",125.3873301,125.3553386,124.3946253,122.0432248,121.8764426,122.2697812,121.2436412,120.9842309,"explicit","c2"
"A3OOD9IMOHPPFQ",103.6336843,95.53696096,103.0833828,103.6009913,103.0551926,95.53693595,95.53696069,95.53693511,"explicit","c1"
"A3OWHW7XYQU52K",113.8053371,111.9529812,113.3449762,113.75023,113.3111869,111.9169396,111.8198096,111.7614934,"explicit","c1"
"A3PJ51GS2AKBO6",109.0643324,103.1664848,107.0719505,109.0620097,106.4713809,103.1228073,103.102949,102.7977282,"explicit","c1"
"A3PPRVK6XK6GP5",89.241766,82.48115443,85.38602658,89.17166188,84.61743183,81.0422844,80.64731646,78.96251298,"explicit","c1"
"A3PRX6CU0P34NE",120.7722746,120.0441371,120.7142192,120.5001353,118.0048089,118.9549424,119.8790222,117.7795954,"explicit","c1"
"A3QC57KUVJP5EW",102.8931578,99.32521797,100.8129327,96.82284138,95.42150834,96.32554615,90.97231296,87.49028474,"explicit","c2"
"A3QSJY1FFN0N6V",117.6455077,116.202415,117.3235503,116.0343728,114.7131546,116.1549878,114.6503482,112.8463148,"explicit","c1"
"A3R0TIQBS9FK5Y",117.1423761,116.3685295,116.3166741,116.7771768,116.2205754,116.1228116,116.0020211,115.4854095,"explicit","c2"
"A3R55C67WKDZKO",117.951855,116.327813,115.8317932,117.8940051,115.8317091,115.3170389,115.6277983,115.1364986,"explicit","c1"
"A3RF5Y6M8IIKS",137.0350563,135.3323492,135.9034429,137.0333178,135.9026346,134.9374066,133.7367083,133.6448101,"explicit","c2"
"A3RLCGRXA34GC0",131.0361603,129.7920086,130.1236684,130.0507597,129.0208513,128.6987559,129.2988414,128.2839388,"explicit","c2"
"A3RO90I4O8I0O2",117.5452911,115.5639444,116.0796659,117.3699644,116.0222572,115.2738445,115.4059359,114.994613,"explicit","c1"
"A3RQN5RZD1N2KP",119.8970701,116.7445556,118.179581,119.8967667,118.1747568,116.7305557,116.7362515,116.5704541,"explicit","c1"
"A3RU7ANMLXJQF6",137.661657,135.7829058,137.4995977,137.1437391,136.9386658,135.6329608,135.5021336,135.4303844,"explicit","c2"
"A3RYH6OUH7BJ4Z",105.8813252,104.4700196,105.1202692,105.7734331,103.6973256,103.0896494,103.2782303,102.4172337,"explicit","c2"
"A3SHZQLYH7L1V4",133.6939013,133.6864095,133.6912923,133.209966,133.169109,131.6808535,132.4405968,131.3157069,"explicit","c2"
"A3T61LJ1WNOL6Z",130.751972,126.4042424,129.0685487,128.6225859,126.3699141,126.2636666,124.1884761,123.7488015,"explicit","c2"
"A3U6IA3JUSFZ2M",95.82508398,88.90755415,94.68308134,95.63284291,94.66598904,88.19017522,87.97529752,87.96633154,"explicit","c1"
"A3U761PEG7MFKT",107.1129625,105.9459828,106.8565488,107.1082767,105.5974813,103.9973818,105.909359,103.2920979,"explicit","c1"
"A3UNS38BYD3OQR",126.5677236,122.4121217,124.7740349,126.0803973,123.1802799,122.2359614,122.180917,122.1474842,"explicit","c2"
"A3UUH3632AI3ZX",122.5410921,122.481899,122.4762685,122.5379615,122.4427956,122.4428559,122.4540448,122.4052877,"explicit","c2"
"A3UV55HC87DO9C",129.4918232,125.3660486,123.649611,125.7103601,121.0555072,121.5477131,120.9747298,120.9391743,"explicit","c2"
"A3VCHVSAIASL5F",112.3060781,111.5721,112.2996294,111.3056972,110.6005138,111.5619435,110.3766588,109.6569375,"explicit","c2"
"A3VP27UUQ34OXK",131.9221336,131.6564658,131.6572657,130.4847258,130.3029301,131.1146596,130.3644816,130.0998148,"explicit","c2"
"A49HPQ9P5AHU4",114.7365665,114.0382011,114.6795263,114.4182209,114.3946634,113.7059121,113.5658821,113.1036903,"explicit","c1"
"A4E1UYPDHE8D8",135.0209793,131.1046886,132.9692625,134.0563403,132.2417381,131.0287885,131.0276678,129.2757616,"explicit","c2"
"A4JU6ZFL8C1VG",87.94860223,77.94165163,81.93286478,87.85919049,81.65181242,76.49587919,75.90484667,75.74506087,"explicit","c1"
"A4SC8G0149GEG",102.2131689,99.04290153,100.0754917,102.1146094,99.35107904,98.83423604,98.78655745,98.6166855,"explicit","c2"
"A4W9APAHFWVLO",107.6909324,107.6383837,107.6681558,107.1838345,107.1518236,105.1151579,107.1421,104.2689456,"explicit","c2"
"A4ZPIPBDO624H",121.3522305,121.1603594,121.2079188,116.5985657,115.3679761,116.887992,114.4051813,114.3663686,"explicit","c2"
"A5TI9UQEPLNWI",121.6037749,115.6956888,118.752795,119.824077,118.169429,115.6944281,115.5673613,115.5562302,"explicit","c2"
"A62H1UZADLF7Q",128.0499435,124.6215912,126.0411566,128.0018579,125.1377687,124.1160101,124.167846,122.5654865,"explicit","c2"
"A667L63P4M8NO",106.3112892,104.9947112,106.0899114,104.8413458,104.4142807,104.262613,104.1301586,103.2259556,"explicit","c1"
"A6JKKANO7F4KD",105.0167238,104.6008051,104.2830435,104.8284756,104.0171558,104.2154857,104.2224552,102.8584209,"explicit","c1"
"A6U2C66WQ7QQN",134.1824767,133.835531,133.5897624,130.3721842,129.9165632,131.4492243,130.0106079,129.8952184,"explicit","c2"
"A7R1OLLU1Z6RA",107.7632696,107.2256742,107.4898136,107.6051217,107.128894,107.1458254,107.1190956,106.9668327,"explicit","c1"
"A85ATJSDTIARY",104.3947316,98.50265784,101.9233651,102.2929463,101.1931821,96.94640064,94.68337949,94.14834899,"explicit","c1"
"A8FUMDQFBKMXR",114.5746577,108.2252813,112.5714744,114.2320956,110.9060459,104.837459,104.2557744,100.3222598,"explicit","c2"
"A8OE2E20OZYKI",100.0832448,96.16906573,98.34135634,98.56145667,96.99266466,95.98237657,95.7884287,95.11062316,"explicit","c2"
"A8TIL9U6YHG5",122.1760221,121.4092043,121.4424336,120.5354506,119.4954186,121.1711875,120.2198999,118.9091424,"explicit","c1"
"A9K0CV70JWG1W",117.1622657,116.8129158,116.386478,116.7326236,116.3482686,116.0202543,116.2680898,115.9935497,"explicit","c1"
"A9KPD7Y55PU9Q",115.051217,113.5498269,114.0279636,114.8395678,113.4440823,111.4162822,113.3387868,111.4154159,"explicit","c1"
"A9WIOFVRSYW3L",111.5156322,108.6622779,111.4290358,111.2030572,109.9874879,106.8696319,106.7741116,106.8552207,"explicit","c1"
"A9YJYYOWOVCR1",115.1355517,112.7797658,114.9386523,111.9044959,111.8947857,112.3630979,108.7428484,108.4902815,"explicit","c2"
"AAEZQL4J6CQGM",109.6502208,109.275386,108.3232192,108.9639764,108.3522325,107.2075515,108.4815875,106.5591106,"explicit","c1"
"AAXYYH9MI3PJM",108.13843,105.7169135,106.6053986,108.1210132,106.3450143,105.6498222,101.2769752,101.1307785,"explicit","c1"
"ABKPEX0E9W2HW",129.9634044,128.3579157,129.0042923,127.7454812,127.443968,128.3447046,127.6749238,125.6718226,"explicit","c2"
"ABLP1KUWW46S6",134.8862988,134.3799361,134.3940283,134.416354,133.888651,133.6042121,133.5900311,133.3213165,"explicit","c2"
"ABX5OQLR6UNBC",121.4762,119.3685805,120.2894978,121.3342035,120.1129391,119.1290264,119.356978,118.7833826,"explicit","c1"
"ACDX50KGPE97I",114.9397888,114.431694,114.831803,114.4735895,112.6855508,114.3459649,113.8049923,111.6906351,"explicit","c1"
"ACSS93E03ZUGX",112.5409653,112.2458863,112.5323096,112.5340631,112.5272278,111.7946984,112.0788006,110.8879719,"explicit","c2"
"ACVEFRSUAPSEQ",119.0043068,112.9343916,116.0604303,118.9818213,116.0487101,112.5821627,112.7990705,112.5802259,"explicit","c1"
"AD317NO9623GZ",131.7404992,127.5157398,128.9970328,129.8855131,128.7577467,127.5104903,127.5129775,127.004925,"explicit","c2"
"AENW881YO2H8S",116.4058641,108.900337,116.242147,116.3695576,115.3118004,107.7393544,108.6170684,107.5498089,"explicit","c1"
"AETIZKQNUSBLB",100.7547807,99.76852346,100.7280705,100.5029219,100.5029057,99.72462612,99.54558602,99.54503912,"explicit","c1"
"AFKZZEURTCR8U",108.1087227,106.1312258,107.8744305,106.4954666,106.2041423,105.8563087,104.3727146,104.2787247,"explicit","c2"
"AFU00NU09CFXE",113.0843702,110.6438846,113.0471888,112.853715,112.8532971,110.3378592,110.3803474,110.1649327,"explicit","c2"
"AGMJL8K9OMU64",103.579468,103.403249,103.3245535,103.1402561,102.7675405,102.5608743,103.025532,101.5587613,"explicit","c1"
"AIW85EF59VCQO",94.98219537,93.97001221,94.30219154,91.74740964,91.67268506,93.95840179,90.37468292,90.31277392,"explicit","c2"
"AIYGT8I9PZ9CC",114.1371112,109.8575465,111.3201375,113.4150798,110.650613,109.6996971,109.6755181,109.3059446,"explicit","c2"
"AJWES6SFIP3AT",134.6147122,133.9766926,134.6146255,134.4395001,134.0434703,133.3220319,133.7287501,133.0719073,"explicit","c2"
"AJXGV70V3PDOC",125.5601653,123.9196794,124.2937766,125.2499435,124.1411959,123.798333,123.8604206,123.4368499,"explicit","c2"
"AKVDY8OXNMQED",124.0809014,102.2734294,123.0672822,123.330706,121.7680214,102.2674888,102.272901,102.2672981,"explicit","c1"
"AKX5RHHO8BIUX",118.495802,118.4295411,118.4933059,117.3381956,117.3352301,118.4572669,117.2805394,116.9444798,"explicit","c2"
"AKZ8SFOAI4RZN",88.41568116,85.77736996,86.96736915,88.02690089,85.64033177,84.92513141,85.15488781,83.63765222,"explicit","c1"
"ALLP45O3BDWYM",113.7926943,113.7536826,113.3866236,113.7898763,112.3371389,113.2860781,113.0447756,111.1414681,"explicit","c1"
"ALVNMQMD3Q3ZE",109.2235812,108.1888263,106.7945628,109.0305585,106.7107497,106.5049793,108.1669538,106.4081788,"explicit","c1"
"ANPCXN619ACW9",112.2466507,108.7387364,112.0879379,112.2149182,112.044264,107.730227,107.2144599,107.2132542,"explicit","c1"
"ANTH5IGN5CHN6",113.4994553,106.9614494,113.0026989,113.3806184,112.7509803,106.6065524,106.9614318,106.4274804,"explicit","c1"
"ANV8C2DATCAPB",102.6015765,99.20756573,102.6013177,100.79706,100.7672826,97.23640984,96.47400607,96.34619596,"explicit","c2"
"AOAZMLP27GD81",118.7220957,115.5390262,117.8417295,118.7208421,117.8415916,115.5387477,115.4689135,115.4238103,"explicit","c1"
"APGX2WZ59OWDN",113.2399619,112.8744899,112.9969226,113.0615058,111.2315494,112.6920507,112.2945237,110.959225,"explicit","c1"
"APR6H3HAOE9OU",112.853962,104.0401046,106.2933658,112.5136002,106.1451152,104.0345111,104.0400971,104.0301743,"explicit","c2"
"AQJWO4YPR3LUQ",101.2275008,95.5302741,99.16626342,101.163158,98.63563795,94.5017878,93.51021449,92.04432552,"explicit","c1"
"AQV468FB908WI",112.8703891,107.1616371,111.7679167,112.7412463,111.7677336,105.5115536,106.3993697,104.1593109,"explicit","c2"
"AQXRHIMQ7UK7O",120.3200783,119.6664373,120.1449089,120.1962601,119.6297229,119.149986,118.6642287,118.5286694,"explicit","c1"
"ARLGZWN6W91WD",110.2989648,99.34500643,110.2907846,109.0379426,104.1847108,99.10666334,99.03388991,98.91980843,"explicit","c2"
"ARYGQ46IMW8AU",103.2266016,100.1408837,101.7192615,102.7977947,100.4056114,99.63194673,99.89032839,98.58076823,"explicit","c1"
"ASTDBTVY3WP1K",112.5442258,112.5129508,112.170326,112.4638468,112.1614635,109.5682218,112.1939226,109.5312809,"explicit","c2"
"ATBIPUCO3EKS6",115.9286217,115.7556791,115.8272864,115.9228944,115.8161129,115.2023648,115.7490882,115.2019719,"explicit","c2"
"AVPKE76DJLWK6",123.1185692,122.8895214,122.9840693,122.1063366,121.9452766,122.6472245,121.8511584,121.367144,"explicit","c2"
"AVXEDARJC5HLU",111.6088279,111.4398143,111.5512379,111.0448971,110.9469609,111.3002304,110.9732296,110.8200444,"explicit","c1"
"AWF8F3RD3NA9D",119.4896962,114.7874876,117.2003636,119.4878717,117.0911823,114.2828286,114.0124546,113.8621172,"explicit","c1"
"AX06ZUCRNSGB3",102.4628961,101.0393572,102.3937995,101.5239169,101.5188949,100.5790417,100.7858694,100.5782022,"explicit","c1"
"AXDO88EAF2SKI",107.1142033,103.9846625,106.8572369,104.3262555,104.2104914,103.050821,100.3376911,96.44346225,"explicit","c1"
"AY0BJCGY2DHIX",132.3325075,131.5891977,132.3074694,130.7732778,130.7328684,130.7518196,130.45174,128.9701086,"explicit","c2"
"AY5O199V9M9O7",126.8276033,125.2092355,126.8275844,125.9602316,125.7500095,124.9357459,124.5234668,124.2063661,"explicit","c1"
"AYF8B7WJO2YQU",119.2371731,118.8417116,116.8946665,118.2521878,115.7654475,115.9145038,117.8650878,115.5104953,"explicit","c2"
"AZACNY1H74YWS",108.9736527,108.8846997,108.7807188,108.97128,108.7789124,108.5357207,108.876675,108.5351561,"explicit","c2"
"cjdjyyjfc",136.810072,137.2396404,137.2396706,137.2420698,137.2396706,136.8966137,135.3259167,135.3252644,"implicit","c2"
