"subs","nu","lambda","eta","kappa","gamma","lik","hitrate","hitrate_negPE","hitrate_posPE","memoryType","condition"
"12",14.99999917,2.587137481,2.455566993,-12.82035992,0.122883604,101.5882652,0.666666666666667,0.642857142857143,0.6875,"explicit","c2"
"13",1.714240633,9.992251673,-3.719803768,4.524001422,0.299939176,130.338293,0.8,0.916666666666667,0.722222222222222,"explicit","c2"
"15",11.29604703,3.338769521,0.336800865,-19.99999922,-3.222521389,98.61320948,0.84375,0.928571428571429,0.777777777777778,"explicit","c2"
"4",-14.99728247,0.007970417,7.164687678,13.13775569,-2.079413853,120.8988293,0.448275862068966,0.4,0.5,"explicit","c2"
"5",-14.99999939,0.994030986,-4.629202789,12.53298072,-1.276433096,132.4979264,0.3,0.416666666666667,0.222222222222222,"explicit","c2"
"6",6.947449228,0.666557346,-9.999998311,11.93442111,3.861579059,104.6987919,0.75,0.8,0.727272727272727,"explicit","c2"
"7",3.725604868,0.696992222,-1.992191601,-3.431635531,-0.720847898,115.9670288,0.46875,0.4375,0.5,"explicit","c2"
"8",14.99999757,0.389718954,-8.632518728,-13.76129321,8.54371415,128.2223577,0.344827586206897,0.5,0.2,"explicit","c2"
"A0533430WOF7V9XR82TB",-2.606279649,9.995617623,-8.177538,19.99999544,-0.498403445,120.8386029,0.75,0.75,0.75,"explicit","c2"
"A1036BH0RBAF1O",14.9999805,0.052711089,-9.97297117,-19.99999772,4.360296611,119.3070079,0.6,0.642857142857143,0.5625,"explicit","c1"
"A10BH9PYCYUKDJ",7.329983517,0.396046181,-9.140558543,1.649511759,-19.28034907,128.3763878,0.833333333333333,0.928571428571429,0.75,"explicit","c2"
"A10LLZZHZVGWRW",-6.718216742,0.255609062,-4.953981337,19.99998661,5.309005045,130.0223627,0.5,0.666666666666667,0.4,"explicit","c2"
"A10U3R76C454PP",-8.255548931,0.900004184,-6.698243152,19.99999883,-19.99999866,106.4160807,0.821428571428571,0.8,0.833333333333333,"explicit","c1"
"A110JX7PI2TTSS",-14.99998916,3.371201358,-0.958160373,-1.271439249,1.589576467,107.5039166,0.9375,0.916666666666667,0.95,"explicit","c1"
"A11NPNK8885N99",-3.501830379,0.176489757,-6.350535123,19.99999772,-5.559304679,113.5641141,0.71875,0.6,0.772727272727273,"explicit","c2"
"A11R8G0FYA2UVQ",10.45847226,0.563207953,1.938858245,-19.9999998,-0.748798166,100.9871179,0.75,1,0.636363636363636,"explicit","c1"
"A125FN8IYVB93O",8.775761269,0.495839216,-9.941034388,19.99999905,19.99999987,120.97573,0.586206896551724,0.833333333333333,0.521739130434783,"explicit","c1"
"A12GJUCS7AJ4K",13.0722577,0.071912381,-9.999984686,-7.920346996,-1.009136702,106.3836999,0.71875,0.666666666666667,0.75,"explicit","c2"
"A12IOD8IXOEL1P",3.123992814,0.317178033,-9.999992942,19.99998819,0.150597366,126.8753957,0.655172413793103,0.6,0.684210526315789,"explicit","c2"
"A12SMSQ6D5227J",14.99989681,9.973811506,-8.26268075,4.744429293,14.26627115,129.5576588,0.966666666666667,1,0.944444444444444,"explicit","c2"
"A130P4M9JPT4YA",-14.99993841,1.616199967,-9.227695188,13.10063858,-19.99998137,131.9034692,0.75,0.8,0.722222222222222,"explicit","c2"
"A13FT8BNX9UUP8",10.98929966,0.046353487,-9.999934118,-1.309800533,1.37298517,115.0020716,0.566666666666667,0.666666666666667,0.416666666666667,"explicit","c2"
"A13JDX06ZXN4KJ",12.26003183,1.285634821,3.197109303,-19.99999963,-0.799987719,112.5151244,0.466666666666667,0.5,0.444444444444444,"explicit","c1"
"A13T61GJTR2Y9B",1.236289024,9.999579114,-9.999999946,17.78213081,8.067779378,111.7854807,0.666666666666667,0.571428571428571,0.75,"explicit","c2"
"A13VIJ7G997ZCY",8.501963953,0.109875413,-9.999998627,6.543226404,-2.001799142,73.30896177,0.8,0.916666666666667,0.722222222222222,"explicit","c2"
"A147F5PJTHOB8A",14.99999954,1.12067007,3.214142305,-19.9999998,-1.948675689,107.7362582,0.6,0.55,0.7,"explicit","c1"
"A14A8J5H98KLO6",4.207217302,9.999959952,-1.391749089,-0.721107397,-0.775435457,91.47193049,0.633333333333333,0.666666666666667,0.625,"explicit","c1"
"A14I3K8UN3612X",-14.9998822,0.298444004,-3.181861503,6.671750569,19.9999709,131.358335,0.733333333333333,0.722222222222222,0.75,"explicit","c1"
"A14NP6X071S7GK",5.997104522,0.251415258,-9.999999721,19.99999961,10.32144214,114.207039,0.5,0.75,0.416666666666667,"explicit","c1"
"A150GMV1YQWWB3",4.180829045,0.046680424,-9.999995525,19.99999925,0.96295621,110.6646583,0.71875,0.714285714285714,0.722222222222222,"explicit","c1"
"A15A09BRS1Q8W0",14.99999623,1.556795788,-8.280967797,19.99999853,-17.77173097,121.4667209,0.9,0.916666666666667,0.888888888888889,"explicit","c1"
"A163J5TEJBO43B",4.08897257,9.99515978,-4.016385258,0.6700974,-9.504891396,119.3693031,0.5,0.375,0.545454545454545,"explicit","c1"
"A16HSMUJ7C7QA7",-8.241904084,0.035200538,2.41065369,3.955409697,-4.925983625,126.1724004,0.833333333333333,0.75,0.863636363636364,"explicit","c2"
"A170EDGL8ZWMSL",-2.01429024,0.197132675,-0.237357712,1.338412639,-0.355668992,102.3858446,0.84375,0.875,0.8125,"explicit","c2"
"A171S8E9IFSHH2",14.99999991,0.333836641,-7.096862083,2.135275359,4.067116709,119.2556605,0.566666666666667,0.4375,0.714285714285714,"explicit","c1"
"A175PJR0W3LO8I",7.687152631,0.247885559,-9.999998285,5.285623525,18.85942149,91.28430403,0.90625,0.857142857142857,0.944444444444444,"explicit","c1"
"A1909MOQZUXZZ5",7.883714263,0.01017848,-9.99985578,6.421778001,2.389561382,98.98913807,0.625,0.75,0.55,"explicit","c1"
"A1945USNZHTROX",14.999999,0.218254684,-9.121142509,8.394891327,-4.124974155,123.6679428,0.65625,0.75,0.5625,"explicit","c1"
"A19CB2C4GY4C60",14.99999756,0.575617934,-8.353474117,-19.99998516,13.6184521,106.8608415,0.466666666666667,0.333333333333333,0.555555555555556,"explicit","c1"
"A19ED8FYO6CA36",4.259550976,0.210403616,1.227444057,-19.99999325,-0.332934337,111.2688119,0.5,0.5625,0.4375,"explicit","c2"
"A1A1A9UHNQCI9Y",-7.138966368,0.005433318,9.992666876,-19.99999552,-3.219614881,115.3507313,0.96875,1,0.95,"explicit","c2"
"A1AJG4BGSRPC93",11.20757955,0.189854569,-3.565125969,-19.99999514,5.504199259,120.9173088,0.9,0.857142857142857,0.9375,"explicit","c1"
"A1AVKKVWWFUGLT",9.283647507,0.627587944,2.895747384,-19.9999998,-1.272555787,108.2636603,0.6875,0.6875,0.6875,"explicit","c1"
"A1AYWUSULABAXL",1.648660853,1.865579587,-5.276394916,14.528019,-2.071716968,111.0162018,0.193548387096774,0,0.24,"explicit","c1"
"A1B1JQW3W13ODO",0.819895922,9.999371728,-2.788294869,4.785314938,-0.714965916,107.244246,0.84375,0.8125,0.875,"explicit","c2"
"A1BAEFJ2OG7NJ0",4.414367485,9.988641225,-7.874786114,6.74008922,-19.9999885,132.0970355,0.625,0.5625,0.6875,"explicit","c2"
"A1BHINLXH3E2GJ",0.586369422,1.254370088,-7.029836493,17.58533828,-1.959644096,107.4794837,0.714285714285714,0.8125,0.583333333333333,"explicit","c2"
"A1BSOOHNHX51RI",11.03447844,0.010496353,-9.99772473,-9.873904154,-18.59378353,117.1727198,0.615384615384615,0.666666666666667,0.6,"explicit","c1"
"A1DJNUJZN8FE7N",-8.913534591,0.222248796,-5.140331824,19.99997544,-0.29351034,131.1451526,0.8,0.875,0.772727272727273,"explicit","c2"
"A1EI4NMV2EHSIY",12.84529535,0.210677487,-7.301958092,-19.99999862,-10.52573271,98.92302754,0.78125,0.875,0.75,"explicit","c1"
"A1ETJBNTO9ZWZ8",9.852053986,0.312479201,-2.286091153,-19.99999961,-1.074080596,123.2247894,0.966666666666667,0.875,1,"explicit","c2"
"A1FQGVP8SX5WE2",14.33221192,0.034057785,-9.99995792,-19.99999341,19.99999358,118.309081,0.6875,0.75,0.666666666666667,"explicit","c1"
"A1GKEEI844CEKI",12.53902654,0.240240239,-9.999999399,7.951376949,0.923035419,118.0436383,0.78125,0.7,0.818181818181818,"explicit","c1"
"A1GV0UZU0T2ORS",2.319902005,0.975563385,-3.738771852,7.868565077,-3.236948126,91.25951193,0.666666666666667,0.857142857142857,0.5,"explicit","c1"
"A1H162QMRV01SA",2.118909733,9.987913864,-5.039042789,9.579241019,9.027965377,105.1906563,0.466666666666667,0.666666666666667,0.333333333333333,"explicit","c1"
"A1J0GU26323WVA",6.145604121,5.290927734,-9.999998671,14.44457257,-13.24405771,134.0318476,0.533333333333333,0.625,0.428571428571429,"explicit","c2"
"A1JO6AY55FG7QU",11.35995606,0.109455721,-5.817903021,-19.99999949,-5.911513209,123.9335449,0.966666666666667,0.9,1,"explicit","c2"
"A1KFIQBETMB81I",14.99999967,0.174927251,-7.077921681,-19.99999883,-2.379900138,93.90104974,0.75,0.666666666666667,0.857142857142857,"explicit","c1"
"A1KQWBK5WHCNYQ",-0.946603127,2.603808827,-5.801564919,16.71698304,-3.849779863,107.7927647,0.785714285714286,0.875,0.666666666666667,"explicit","c2"
"A1L0G5ZGQPEF5I",9.229165164,0.045457671,-9.999999206,1.049729313,0.364850537,54.01726578,0.59375,0.625,0.5625,"explicit","c2"
"A1L1SQ488YCCFJ",6.345608831,0.236833153,-9.999999928,12.58094981,18.97376243,119.4562002,0.6,0.666666666666667,0.555555555555556,"explicit","c1"
"A1LXW53Z5S9XG",6.969218895,0.231390449,-9.999985778,10.21834427,-2.172776551,121.430272,0.5,0.5,0.5,"explicit","c2"
"A1MQ9B05ZMM4YI",-14.9999919,0.104221981,9.439526315,-13.99763917,19.9999979,113.1312399,0.266666666666667,0.25,0.277777777777778,"explicit","c1"
"A1MTRZDRKNB9GV",7.951823025,0.623173251,-9.999999051,10.02659394,-19.99999763,103.1477189,0.625,0.6,0.636363636363636,"explicit","c1"
"A1NKBXOTZAI1YK",3.740424868,9.990070609,-9.999999765,16.90180019,-8.015838864,127.6630674,0.5625,0.75,0.5,"explicit","c2"
"A1OIITZ4Z8WEW",-14.99995412,0.210879089,-6.077876721,19.9999912,-19.99999156,115.7085313,0.346153846153846,0.333333333333333,0.357142857142857,"explicit","c1"
"A1OQIXAU1SEJ4P",8.962058138,0.091797503,-9.999988439,2.003208493,-3.800149649,119.0747909,0.90625,0.857142857142857,0.944444444444444,"explicit","c2"
"A1PAY3X73PQ16S",-14.99974794,1.572349077,0.42480828,-11.68263842,-19.99999655,121.9102444,0.964285714285714,0.9,1,"explicit","c2"
"A1PJLZSOUQ4MIL",3.028869679,9.903091338,2.640472786,-19.99998751,-11.17584183,121.7478236,0.433333333333333,0.5,0.388888888888889,"explicit","c2"
"A1QA5EWFMNKGTA",-14.9999459,3.279314105,-2.574884393,6.351612563,0.210406928,111.2779748,0.961538461538462,1,0.928571428571429,"explicit","c1"
"A1QG4WF9ZTZTK2",14.99999225,0.295615683,-7.144875047,-17.52011817,-5.514841729,123.7108653,0.84375,0.875,0.8125,"explicit","c2"
"A1QX1RYLCFXZJ9",-14.99999657,0.102478385,-4.575799286,16.48969867,8.976533805,127.9277536,0.366666666666667,0.5,0.3,"explicit","c2"
"A1R0689JPSQ3OF",7.653977185,0.256329384,-9.999999351,10.80192272,14.29237795,106.7448771,0.84375,0.9,0.818181818181818,"explicit","c1"
"A1RQQFUQ2GU9IZ",14.99999953,1.118656223,-1.669875196,-9.127829982,1.640918383,110.555551,0.71875,0.727272727272727,0.7,"explicit","c1"
"A1RV2LERVS0A4H",5.234807878,0.012968102,-9.999918681,17.38542355,-0.713219799,98.5936858,0.75,0.916666666666667,0.65,"explicit","c1"
"A1SCNO7L71ITFY",-7.677633799,0.318826321,-6.098906894,19.99999751,-0.443280667,122.4714081,0.84375,0.7,0.909090909090909,"explicit","c2"
"A1TKDI651DU67G",-14.15949733,8.481435852,3.940180465,-19.99998369,17.19365994,131.4099457,0.90625,1,0.85,"explicit","c1"
"A1U0GNE5ELW5V7",11.6464689,0.058012843,-9.999993734,-6.183962205,-4.040918213,99.22166923,0.884615384615385,1,0.833333333333333,"explicit","c2"
"A1UH396UOK0X9Z",7.578703645,0.430788846,-3.024984061,-19.99999608,-19.99998304,110.3446752,0.8125,1,0.769230769230769,"explicit","c1"
"A1V1JNPU0KOA3X",14.99999706,0.088097161,-9.837038315,-12.24175061,-2.851519647,112.7803454,0.59375,0.785714285714286,0.444444444444444,"explicit","c1"
"A1V2H0UF94ATWY",5.591746489,9.999021418,-3.909108077,6.134681131,-1.803175628,117.6489233,0.833333333333333,1,0.75,"explicit","c2"
"A1VSHM4NLZ705D",-14.99997996,0.82755602,2.681143908,-19.99999341,-3.801317804,116.935776,0.75,0.642857142857143,0.833333333333333,"explicit","c2"
"A1VW8Y7XCV3DRW",14.99999823,0.180111907,-6.898475576,-19.99995997,-2.849690859,112.4095425,0.875,0.8125,0.9375,"explicit","c2"
"A1XAOEDK0Y2KBT",9.885470103,0.720816656,-2.744291017,-19.99999744,-19.99999287,114.3343027,0.433333333333333,0.666666666666667,0.277777777777778,"explicit","c2"
"A1XLGIFFGB01EU",-12.56139789,9.999938019,0.741623998,-5.112924702,-0.24086865,102.7375769,0.875,0.9,0.833333333333333,"explicit","c1"
"A1Y0Y6U906ABT5",14.65062937,0.540367422,-8.911134396,-18.05036234,-19.99999931,128.1656543,0.964285714285714,0.9,1,"explicit","c2"
"A1YC558J4E5KZ",6.087661823,0.144397308,-9.999949071,12.12778331,-13.39361332,99.89554877,0.733333333333333,0.75,0.722222222222222,"explicit","c1"
"A1YSYI926BBOHW",8.872434743,0.355942465,-9.999999605,14.20840438,-1.506081276,113.047022,0.65625,0.714285714285714,0.611111111111111,"explicit","c2"
"A1ZD9SJXQ9C6EW",3.40914687,0.641749179,-9.99998887,19.72106654,-10.1845422,116.7525864,0.821428571428571,0.916666666666667,0.75,"explicit","c2"
"A1ZQ7A1CUV6RD8",14.9918258,9.999557653,1.62296118,-19.99999862,16.0389266,118.2461723,0.9,0.916666666666667,0.888888888888889,"explicit","c1"
"A1ZRK6K5JUPJAV",12.58080523,0.029579504,-9.999999064,-6.362994454,4.593851247,93.72994527,0.84375,0.875,0.833333333333333,"explicit","c1"
"A20BMZQJS92QY2",11.69655868,0.997145106,0.032039639,-11.18560361,1.557881869,109.7569734,0.875,0.916666666666667,0.85,"explicit","c1"
"A20NITCOBY4775",-11.83020358,9.999958722,2.099900129,-19.99999911,0.629436903,94.74493663,0.59375,0.7,0.416666666666667,"explicit","c1"
"A20X14OMRL0YPZ",14.37596815,0.585906651,-9.999997135,-13.93545561,-13.5409745,95.43128083,0.90625,0.833333333333333,0.923076923076923,"explicit","c2"
"A21753FQKCM5DQ",7.583026313,0.089127743,-9.999999854,18.57078856,-7.032274655,98.61561067,0.90625,0.75,0.958333333333333,"explicit","c1"
"A219VCQZADQ45W",2.675260689,9.935099363,-1.602827068,0.132889362,-0.460884772,93.82120497,0.7,0.714285714285714,0.6875,"explicit","c2"
"A21EFJ972J40T6",4.146320249,0.799533951,-3.364502947,-2.343085367,-1.46086761,118.2753802,0.709677419354839,0.75,0.666666666666667,"explicit","c2"
"A21OUW3P5NAE8D",3.331333735,9.989903557,-9.231234802,19.99999014,14.02913645,109.8395314,0.866666666666667,1,0.818181818181818,"explicit","c1"
"A228YSXU6H27QT",8.296185275,0.662558641,-8.505964721,19.99999158,1.67632002,105.9586673,0.6,0.625,0.590909090909091,"explicit","c1"
"A230VUDYOCRZ4N",14.99997065,3.007943915,-7.741727389,19.9999998,11.05954741,106.718042,0.866666666666667,0.875,0.863636363636364,"explicit","c1"
"A2389DERMNF3ZB",10.97574584,9.978922682,-9.056754105,-3.521348789,19.99999673,121.7679393,0.766666666666667,0.75,0.772727272727273,"explicit","c2"
"A24F42H3K58D8A",14.99999808,0.484102999,-5.652307599,-3.277731945,-0.353500882,113.9909887,0.6875,0.583333333333333,0.75,"explicit","c1"
"A24LUXW1DB1QI5",14.99998568,1.221968022,-9.999996425,-14.92116972,-19.99994195,128.9846171,0.90625,1,0.85,"explicit","c2"
"A25AX0DNHKJCQT",12.44867191,0.010116241,-9.999805403,-19.99999759,19.99999793,101.864831,0.833333333333333,0.8,0.857142857142857,"explicit","c1"
"A25D66AC4QUW2U",6.991636229,0.25405154,-1.991641922,-0.879914338,-19.99999703,98.92756361,0.833333333333333,0.833333333333333,0.833333333333333,"explicit","c1"
"A25DHXVNVC0VPW",2.175814199,9.852412183,-9.575508552,15.316458,-19.9999965,119.5488257,0.833333333333333,1,0.75,"explicit","c2"
"A26D2ZZKJW7BXR",8.709947978,0.413067646,-4.387159895,-19.99998704,13.64558548,104.9686391,0.90625,0.857142857142857,0.944444444444444,"explicit","c1"
"A26GF078IX9A43",12.3127234,0.998727849,-0.660136894,-11.7974691,18.38409579,104.302044,0.59375,0.416666666666667,0.7,"explicit","c1"
"A26TY8FHMJ183C",4.748755641,9.999652225,-9.448064634,19.9999985,-9.317809242,125.7687871,0.625,0.642857142857143,0.611111111111111,"explicit","c2"
"A26XN1TM6CV01T",13.40357522,0.030492845,-9.999870098,-3.35638294,1.876727859,108.2978211,0.666666666666667,0.714285714285714,0.625,"explicit","c1"
"A26Y58YECZUZZG",14.99999626,9.998462959,-6.349473117,-12.95343402,6.174905806,125.9730875,0.5,NA,0.5,"explicit","c1"
"A273DS7TQWR9M1",9.919823779,0.003419067,-9.999223041,-3.867472647,0.556427805,102.3574752,0.84375,0.857142857142857,0.833333333333333,"explicit","c2"
"A27BUT19WQ6P1O",8.053040235,0.621423467,-3.103678876,-16.91951318,-19.99999668,111.6823954,0.625,0.714285714285714,0.555555555555556,"explicit","c1"
"A27HVVLSZZ13XK",14.99999461,1.798231933,-5.260454652,19.9999991,1.822961964,117.4372847,1,1,1,"explicit","c1"
"A27SMEOPKV84VI",9.7165683,0.4018129,-9.99999928,7.819819963,-13.96843627,125.7982014,0.65625,0.583333333333333,0.7,"explicit","c2"
"A289DF24X3Q8JZ",14.99993397,0.091077148,-8.76953585,-19.99998507,-0.793927494,124.6842126,0.866666666666667,0.9,0.85,"explicit","c2"
"A2A07J1P6YEW6Z",4.558725171,0.027206691,-9.999943787,19.8316058,-2.85339023,103.8158338,0.733333333333333,1,0.6,"explicit","c1"
"A2AAY4VT9L71SY",12.58565784,0.23489542,-9.999995685,14.01263495,-6.797317724,128.5280675,0.625,0.6,0.636363636363636,"explicit","c2"
"A2B6WQG0A9CKXQ",7.009410582,1.008331621,-2.826733261,-11.73726616,-6.341647248,109.2886987,0.833333333333333,0.75,0.888888888888889,"explicit","c2"
"A2B8HPIZDKYKDR",2.299225724,0.830351832,-0.056499715,-2.897605889,-1.552760217,107.7059007,0.84375,0.714285714285714,0.944444444444444,"explicit","c2"
"A2BOXK0KVXGKPU",11.6505748,0.252087435,-1.678540081,-19.99999887,7.172707951,121.4078241,0.875,0.8125,0.9375,"explicit","c2"
"A2C0QNEIOSKAV5",1.449726239,2.072892464,-6.956469607,9.479669239,-19.9999998,129.4709823,0.633333333333333,0.583333333333333,0.666666666666667,"explicit","c2"
"A2CCK1JKX48R0H",14.99999974,0.379732488,-9.999999764,15.46727226,-0.792038531,129.7817851,0.833333333333333,NA,0.833333333333333,"explicit","c1"
"A2CK0OXMPOR9LE",10.52421089,0.08438005,-9.999886459,7.323277092,4.366010764,104.6519773,0.933333333333333,1,0.875,"explicit","c1"
"A2CQP9DZSDUC5V",3.82320586,9.940985192,-4.082489184,1.214488999,-5.281936369,111.6616275,0.75,0.75,0.75,"explicit","c2"
"A2CU75UPXCS8J6",-14.99994996,1.129321294,0.31269497,-7.46436136,0.152601664,122.7155917,0.866666666666667,1,0.75,"explicit","c2"
"A2E2KUU1GGRKQ6",11.88868128,9.999977992,-1.072603093,0.074555186,1.372922216,118.2352028,0.833333333333333,0.875,0.818181818181818,"explicit","c1"
"A2EA2PN47ZWILX",14.99997532,0.039198762,-8.975666028,-19.9999929,8.813856132,112.6769627,0.6875,0.666666666666667,0.7,"explicit","c1"
"A2EDI66B0KTBEH",6.540224997,9.999501086,-9.999999821,6.884232156,-15.75190159,107.1410452,0.71875,0.785714285714286,0.666666666666667,"explicit","c2"
"A2ELH6CUC5Y8J4",-14.99995086,1.2753987,3.307159417,-19.99999106,1.714897815,109.326789,0.884615384615385,0.8,0.9375,"explicit","c2"
"A2F48NO7AD9VKK",7.888911135,0.247076021,-9.999989609,16.73991955,-0.779249687,120.2359909,0.84375,0.857142857142857,0.833333333333333,"explicit","c1"
"A2FBT0BSFOV91D",-14.99999649,0.235649078,3.393396156,-19.99999869,19.99999676,129.7426133,0.9375,0.928571428571429,0.944444444444444,"explicit","c2"
"A2FE6HDHREXIJ5",0.620530924,0.154005845,1.435148267,-12.65856455,-1.860527285,110.4345803,0.8125,0.875,0.75,"explicit","c2"
"A2FUMA4UR6S920",9.776119733,2.369168941,-8.47350355,8.464145809,19.99999821,121.5221686,0.633333333333333,0.6875,0.571428571428571,"explicit","c2"
"A2GFB2S1C9P9RM",-14.99999741,2.307212419,1.302689471,-12.72386262,19.99999988,119.0523397,0.566666666666667,0.357142857142857,0.75,"explicit","c1"
"A2HGRSPR50ENHL",-14.99972594,0.024144874,6.617394594,19.99998817,8.968206497,118.6532649,0.5,0.583333333333333,0.45,"explicit","c1"
"A2HHKBW8HQWI66",9.249782469,0.095068485,-9.999999851,19.99999958,-1.416157923,109.9358884,1,1,1,"explicit","c1"
"A2HOUSKURBF8UA",9.078260232,0.047997115,-9.999995335,4.094040518,0.444937674,87.6262152,0.7,0.642857142857143,0.75,"explicit","c2"
"A2I19TY4P5IAIE",3.121486857,0.908009119,-0.523704182,-5.671887198,-0.421756246,101.2332163,0.666666666666667,0.571428571428571,0.75,"explicit","c2"
"A2I4A4WGWII18Z",5.335004545,9.824660944,-4.38017161,-1.08275489,-7.908897055,102.9445846,0.9,0.9,0.9,"explicit","c1"
"A2I960JYUZ8KAV",-14.99996341,3.07504792,2.184351912,-19.99999987,19.99999983,119.4336525,0.566666666666667,0.6,0.55,"explicit","c1"
"A2IKSCWK5EOG79",-2.730716109,9.996573508,1.327880842,-16.39759067,11.18485741,107.7308744,0.5,0.5,0.5,"explicit","c1"
"A2IMMQ5AS3ZK78",14.99999918,1.490635513,0.841299705,-9.795053417,2.908075102,115.3198141,0.766666666666667,0.75,0.777777777777778,"explicit","c2"
"A2IU5TX5S0FA1C",-14.99999796,0.72534306,-5.598411251,19.999999,4.18175374,114.4931274,0.612903225806452,0.642857142857143,0.588235294117647,"explicit","c1"
"A2J2P9JE374XCM",14.99999778,1.731621717,-2.889647122,-2.188695412,-0.596495792,116.8051774,0.8,0.722222222222222,0.916666666666667,"explicit","c2"
"A2JRONMDBUJT3K",14.99999959,1.861447765,-2.560972942,3.720368099,2.399433513,104.4771327,0.666666666666667,0.833333333333333,0.555555555555556,"explicit","c1"
"A2KD1OZMH8ERI7",9.436177069,0.021340063,-9.99990998,-4.893153201,-19.99997884,117.4034456,0.4,0.4,0.4,"explicit","c2"
"A2KLJKDG90K1PP",11.96248993,0.008637583,-9.997782477,-12.53571569,-2.469771603,121.0456254,0.933333333333333,1,0.9,"explicit","c2"
"A2KPT0PEUEXCC4",-9.847964213,0.015830647,9.999454151,-2.488656896,2.110490124,108.6368114,0.666666666666667,0.571428571428571,0.75,"explicit","c2"
"A2KVYRNL2CK95F",-14.99999839,1.376903009,-6.708590114,19.99999976,-5.343786849,102.4575172,0.533333333333333,0.5,0.583333333333333,"explicit","c1"
"A2LB6Y4389IH95",14.99999922,1.00272258,-9.999999779,10.09961804,19.80867658,111.6650027,0.9,0.875,0.928571428571429,"explicit","c1"
"A2LCFORIW0NF1S",14.9999673,0.085518082,-9.299075826,-13.49087281,-4.875994409,123.1337468,0.7,0.5,0.8,"explicit","c2"
"A2LPRUXRREYKGO",14.03285943,0.186965237,-9.999946577,1.974482055,-19.99999078,129.1885623,0.59375,0.545454545454545,0.7,"explicit","c1"
"A2LT6KC1X51FVW",3.462951443,0.442136679,-6.04506667,10.54878243,19.99999984,99.6596897,0.384615384615385,0.357142857142857,0.416666666666667,"explicit","c1"
"A2LV5432PV1S39",4.143883572,0.247063012,-9.999999199,9.058344246,19.99999789,132.2946745,0.5,0.5,0.5,"explicit","c2"
"A2M3KQ9CKP7YW",-5.372878566,0.040794409,-4.05128287,19.99998761,-5.588494088,111.4822957,0.625,0.833333333333333,0.576923076923077,"explicit","c2"
"A2MCG5W6LHSRG9",8.022906603,0.770464607,-5.731166039,19.99999992,4.801646452,80.62344606,0.71875,0.833333333333333,0.65,"explicit","c1"
"A2MCI9K0K5VX50",11.51137456,0.153148635,-9.999998762,4.911328532,0.067807739,97.76755386,0.928571428571429,0.875,0.95,"explicit","c1"
"A2MQ6VUSKCQ9FH",14.38565442,3.937677997,-8.687957241,-13.60348598,-19.99999632,111.7793316,0.90625,0.875,0.9375,"explicit","c2"
"A2NA2OJT15COZY",7.969101136,0.149636968,-8.753870455,11.13135522,0.330572882,63.85257767,0.40625,0.5,0.375,"explicit","c1"
"A2OQZTSU48GRFG",-12.83950775,0.003646517,9.93122049,-0.56677298,-19.99996687,116.0834579,0.4,0.3,0.45,"explicit","c1"
"A2R0YYUAWNT7UD",3.040351179,1.731382966,-2.571692079,2.938119372,-0.352133933,103.5335757,0.90625,0.833333333333333,0.923076923076923,"explicit","c1"
"A2R6RDZ07V4KWB",-14.99999915,0.47238281,-7.204839993,19.99999973,-1.484128193,110.7465942,0.5625,0.5,0.590909090909091,"explicit","c2"
"A2S70WW1VAPKK8",-14.99999926,0.309277479,4.305166557,-19.99999955,0.603349172,134.6973399,0.71875,0.916666666666667,0.6,"explicit","c2"
"A2SWQM5X54P1O5",-14.99340228,0.005348777,3.485518496,19.99996823,-5.078040733,127.6925384,0.75,0.75,0.75,"explicit","c2"
"A2U5QPXLKKSDWY",1.989534047,0.131010787,0.973158497,-12.97743385,-0.107938391,102.0820961,0.806451612903226,0.909090909090909,0.75,"explicit","c2"
"A2UF2FRGVW4T89",5.032863928,9.995202554,2.722583485,-19.99999199,-0.424525478,109.3572391,0.59375,0.6,0.583333333333333,"explicit","c2"
"A2UHMLMFCP9J72",-13.47286802,0.018044144,9.999468877,1.302175597,2.407136199,114.6413716,0.8,0.875,0.714285714285714,"explicit","c2"
"A2UVEVCYVC553J",-7.953047567,0.635502268,6.022450472,-19.9999999,7.149261042,113.1490785,0.71875,0.8,0.681818181818182,"explicit","c2"
"A2VX8B1CJXRN2",5.653157436,1.140179333,0.389639185,-19.99999332,-6.777537975,94.46138976,0.481481481481481,0.388888888888889,0.666666666666667,"explicit","c1"
"A2VY16N1O40VEL",1.696635465,9.995189022,-2.298997347,-4.711405582,-8.989614327,130.6951061,0.9,0.75,1,"explicit","c2"
"A2W3KKNN3CAY66",6.94355582,0.100899629,-9.999981993,12.77160559,2.312626351,111.7642187,0.75,0.7,0.772727272727273,"explicit","c1"
"A2WGW5Y3ZFBDEC",4.037541112,0.113638348,-7.401120436,10.76540495,9.84201937,103.9914952,0.5,0.5,0.5,"explicit","c1"
"A2WNW8A4MOR7T7",13.97975609,9.999936339,-1.664350782,-1.588444558,-19.99999873,114.9396477,0.714285714285714,0.761904761904762,0.571428571428571,"explicit","c1"
"A2WQT33K6LD9Z5",-14.99999767,0.534231219,-6.140883177,19.99999938,-3.232806251,128.427848,0.5625,0.333333333333333,0.7,"explicit","c2"
"A2WUQGSG1LUJG0",2.377063675,9.997861273,-9.999997227,15.38359522,7.535333558,125.2366015,0.733333333333333,0.666666666666667,0.777777777777778,"explicit","c2"
"A2X27TXN39UJH8",3.562799433,0.535882155,0.707242474,-19.99911354,19.99999131,145.1393743,0.966666666666667,0.9375,1,"explicit","c2"
"A2XM6C78S9L8UG",0.480893446,9.96578795,-1.72020773,-0.695468358,-1.254463297,128.9902152,0.642857142857143,0.583333333333333,0.6875,"explicit","c2"
"A2YAYHZYI7M3HD",-14.9997089,0.017551128,1.694147803,19.99997986,-17.60229791,131.4366519,0.580645161290323,0.642857142857143,0.529411764705882,"explicit","c2"
"A2YFPO0N4GIS25",10.43839695,0.813920642,-0.150668979,-19.9999997,-0.589271337,71.18213365,0.666666666666667,0.8,0.6,"explicit","c2"
"A2YLF04UAKYVF1",-14.99999745,0.905677356,3.547111909,-19.99983936,6.597471963,121.9918981,0.666666666666667,0.692307692307692,0.642857142857143,"explicit","c2"
"A2YYQJ3JWA2KGD",-14.99997389,1.735952206,1.687481814,-19.9999968,-19.99995021,104.1677658,0.681818181818182,0.75,0.6,"explicit","c1"
"A2ZDK0Y5466BXN",14.99959472,1.109027388,-2.876170561,-11.96525032,-19.99997942,102.9270044,0.71875,0.571428571428571,0.833333333333333,"explicit","c1"
"A2ZJS73XSSMRTD",14.36088046,0.083904609,-9.999974814,-19.99993031,16.55130463,119.9218022,0.5,0.5,0.5,"explicit","c1"
"A2ZUCKYJE4DPV7",-11.23458626,9.999867785,-1.233064805,2.036255104,1.107103771,112.4093228,0.758620689655172,0.6,0.842105263157895,"explicit","c1"
"A3135Y3RMFC3PK",-14.99999207,2.064976209,1.260635209,-19.99999867,-6.052871372,126.2159937,0.875,0.785714285714286,0.944444444444444,"explicit","c2"
"A314XJY8V1YL12",13.05853822,1.618500666,-9.999999666,6.094119826,-19.9999992,125.4679856,0.78125,0.714285714285714,0.833333333333333,"explicit","c2"
"A31XT6RPLN6359",9.303251518,0.864040854,1.056233311,-19.99999961,3.576832982,97.91852828,0.785714285714286,0.642857142857143,0.928571428571429,"explicit","c2"
"A31YZ8JR422KFR",11.89382022,9.999987569,-7.869343404,19.99999988,7.163262252,92.78567763,0.6,0.785714285714286,0.4375,"explicit","c1"
"A31Z5TPD8QKE26",7.858042468,0.027480388,-9.999998182,7.736901099,-0.149390746,86.91367174,0.333333333333333,0.222222222222222,0.5,"explicit","c2"
"A320QA9HJFUOZO",14.99999392,9.987124196,-7.490589027,-19.99999843,-19.99999622,103.786628,0.71875,0.7,0.727272727272727,"explicit","c1"
"A34930YXVQ8SUT",7.340338771,0.062650663,-9.999992209,19.9999935,-3.017577944,109.0463514,0.40625,0.25,0.458333333333333,"explicit","c1"
"A359ETX78LN74M",9.434340888,1.230560656,0.218417975,-19.99999984,3.194225545,109.6514791,0.75,0.857142857142857,0.642857142857143,"explicit","c2"
"A35ARURSRU6UAZ",8.652583078,0.133767816,-0.797697696,-19.99999985,6.793459991,109.0772555,0.65625,0.583333333333333,0.7,"explicit","c1"
"A35D31QHYQUF9V",4.650508598,0.495450693,2.427301258,-19.99999696,-1.202554381,89.76951558,0.5,0.333333333333333,0.611111111111111,"explicit","c2"
"A35FHY70T3PL8I",10.99428913,0.05676074,-9.999992957,-2.331510039,-4.437500372,79.50503983,0.6,0.3,0.75,"explicit","c1"
"A35JCNZJI2MQ20",-14.99999176,0.334548462,-7.169148243,19.9999955,3.712622141,127.0238706,0.733333333333333,0.8,0.7,"explicit","c2"
"A360G7Q6RO5XRL",14.99999962,0.106364024,-8.631497214,-19.03260487,-6.716520595,121.6639113,0.5,0.4,0.55,"explicit","c2"
"A36MTY8RSWBZU7",14.39922904,0.621059369,-9.999999679,9.287093391,-17.44325905,101.6956872,0.59375,0.625,0.583333333333333,"explicit","c1"
"A36SM7QM8OK3H6",4.636748017,0.424240605,-6.5759174,16.79304811,-1.685314687,102.0529374,0.90625,0.833333333333333,0.95,"explicit","c1"
"A376F1W1MTY3J",-14.99999875,0.804346615,0.351701102,-7.52810949,-7.310323422,101.229675,0.833333333333333,0.916666666666667,0.777777777777778,"explicit","c1"
"A37C67DDUBGLQ",6.558049395,0.10800366,-9.999991966,19.99999666,5.357166342,125.5748997,0.8125,0.875,0.791666666666667,"explicit","c1"
"A37DFWV5W6PXMS",1.034588653,9.990358537,-6.330649815,19.99999855,-3.134860318,106.5510161,0.678571428571429,0.6,0.722222222222222,"explicit","c1"
"A37JENVKZQ56U6",4.908009523,9.446306321,-9.999979202,13.33313908,14.67619991,132.8675997,0.6,0.611111111111111,0.583333333333333,"explicit","c2"
"A37WXDYYT7RCZ0",2.454484513,0.338073146,-4.495228938,7.443789147,-1.591002791,79.28405423,0.166666666666667,0.5,0.0454545454545455,"explicit","c2"
"A37Y5CTJ8HCQER",14.99999897,9.999790259,-3.478250913,-19.99999873,9.36997786,123.1387451,0.6875,0.375,0.791666666666667,"explicit","c2"
"A3862RIFFUV141",6.703657108,9.999946733,-8.228456171,19.99999985,-0.728771856,117.0540477,0.655172413793103,0.6,0.714285714285714,"explicit","c2"
"A38NFX88VZDMJ3",3.670368738,0.193830475,1.658338554,-19.99999649,8.844004337,128.2721883,0.71875,0.6875,0.75,"explicit","c2"
"A39C1BN9ZSQ0R2",11.60467016,0.107038346,-9.99998013,1.391100368,-1.189516595,104.116841,0.6,0.7,0.55,"explicit","c1"
"A39YBLQYIUBR76",6.079915333,9.836085647,-6.926781546,14.34502646,-19.99999562,121.7539204,0.84,0.785714285714286,0.909090909090909,"explicit","c1"
"A3A8P4UR9A0DWQ",-7.784428844,0.543763202,-5.629429414,19.99999917,-9.157478398,120.5239667,0.7,0.625,0.727272727272727,"explicit","c1"
"A3ACR8IG31Q7K6",-14.99999889,0.205536103,-1.17926121,15.11203513,-1.853941404,107.7307106,0.615384615384615,0.5,0.65,"explicit","c1"
"A3B58QWMTBXVE0",12.81465018,0.086527001,-9.994517445,-6.398883552,-6.795470668,72.6944607,1,1,1,"explicit","c1"
"A3BHRFFG75X3GO",-14.99925236,0.010527067,7.815510933,19.99999871,-2.122991715,119.4964007,0.65625,0.642857142857143,0.666666666666667,"explicit","c2"
"A3CR9XJAL7U5JW",14.99999844,2.003286188,0.231866606,-1.429130675,0.214561687,115.5934906,0.866666666666667,0.916666666666667,0.833333333333333,"explicit","c1"
"A3CYV47MM7OA6M",-14.99999816,0.867858447,-5.674792842,19.99999981,2.201226361,109.9634659,0.7,0.714285714285714,0.6875,"explicit","c1"
"A3D1VTLX623K6I",14.99999919,0.514188304,-4.559154639,-19.99999791,-0.234645274,113.9080323,0.666666666666667,0.75,0.636363636363636,"explicit","c2"
"A3D9L5CQXK1YJL",-9.86974869,9.999962008,2.28524385,-19.99999971,-10.18062186,119.5864619,0.75,0.916666666666667,0.65,"explicit","c1"
"A3DZ46U9XRLVBI",5.687197439,9.999890561,-9.836343999,19.99999953,-7.03699219,118.3938936,0.6875,0.636363636363636,0.8,"explicit","c1"
"A3EG4C9T4F5DUR",11.31640217,0.047934673,-9.999950613,-2.687220258,3.235197725,110.0894285,0.875,0.888888888888889,0.857142857142857,"explicit","c1"
"A3EYWJCIO1MG9W",9.741053365,1.019021784,-7.702975767,-4.90704965,17.05389504,101.4641323,0.65625,0.642857142857143,0.666666666666667,"explicit","c2"
"A3F0NFNLOLFJT0",7.05767916,0.244856003,-9.99997642,6.821471806,-11.20726991,124.6515613,0.766666666666667,0.6875,0.857142857142857,"explicit","c2"
"A3FAURB3U6YND5",14.99999986,0.224649213,-7.992349895,8.857559452,-1.310917646,104.4051953,0.785714285714286,0.6,0.888888888888889,"explicit","c2"
"A3FHFGC3V9B3OJ",-14.99999939,0.909413197,4.15911716,-19.9999996,3.305305913,111.3609425,0.7,0.785714285714286,0.625,"explicit","c1"
"A3FJCLBK3HF4PD",8.904098731,1.245320551,-9.184331042,19.99999928,-4.268370799,120.4787792,0.8125,0.916666666666667,0.75,"explicit","c2"
"A3FYQFWEULR6QB",7.596469093,0.1492327,-9.999999408,6.778464818,-3.765741334,97.66419721,0.6,0.8,0.5,"explicit","c2"
"A3G2NVZWJQH4YH",-2.032731577,9.999435085,-2.078276713,3.127483643,-1.798729794,101.6994999,0.466666666666667,0.583333333333333,0.388888888888889,"explicit","c2"
"A3G55RJTW3BSGM",-14.99999897,0.293063006,-3.658843035,13.39907284,19.99999778,112.2103585,0.733333333333333,0.583333333333333,0.833333333333333,"explicit","c1"
"A3GIIL73GE2CBQ",1.336904932,3.21917069,-4.373585918,5.88596249,-0.781103215,125.4620263,0.7,0.5,0.8,"explicit","c2"
"A3GK90X2QOFR53",12.03152473,0.032476541,-9.999763903,-19.99999007,19.99998027,126.935403,0.620689655172414,0.666666666666667,0.6,"explicit","c1"
"A3GLUDQZGEJL5G",-4.112278195,0.450509568,-6.996833689,19.9999362,19.99998634,115.8447794,0.6,0.583333333333333,0.611111111111111,"explicit","c1"
"A3HMDGRGC5JB7E",-14.99990724,0.363925284,-7.629470372,19.99998886,-8.519049296,134.7506971,0.625,0.875,0.541666666666667,"explicit","c2"
"A3HNEYFOIJWPH1",3.676923582,0.925950712,-7.118918563,19.99999953,-17.74929245,108.1714806,0.8,0.875,0.772727272727273,"explicit","c1"
"A3HTLXAPOBCVVO",3.871868794,0.06964126,-1.478438021,-11.20283666,-1.368682494,105.7607756,0.90625,0.857142857142857,0.944444444444444,"explicit","c2"
"A3I9XLIHPPWPN1",-14.99999399,0.160387421,-2.573656924,19.99999448,-12.62622443,109.6687182,0.5,0.5,0.5,"explicit","c1"
"A3IHLWMZNBLUR4",13.16376047,0.006062654,-9.998875549,-10.91173951,1.403959722,117.1674169,0.5,0.642857142857143,0.375,"explicit","c2"
"A3J2UG22S8BIW4",14.52072375,0.357410821,-9.999990878,-6.496843836,-8.227438907,76.83533074,0.6875,0.8125,0.5625,"explicit","c2"
"A3KNO82DZ519HG",4.627025886,0.223240764,-9.99999969,14.54455686,9.988229355,102.1008661,0.6875,0.5,0.8,"explicit","c1"
"A3LFVI65XV1T46",-14.99999886,1.555008434,-1.237117825,0.453262443,-1.604431098,123.4915214,0.6,0.5,0.65,"explicit","c2"
"A3NF9B2NLCLZWT",-7.51180845,0.033423796,9.99998839,-19.99999904,13.27670172,103.9327887,0.875,1,0.777777777777778,"explicit","c1"
"A3O7X46E3REM7I",12.66299639,0.312279917,-9.999991763,-12.6387516,-19.99999172,113.3000333,0.733333333333333,0.571428571428571,0.875,"explicit","c1"
"A3OLRWACCCCUTU",4.137367118,0.339621738,1.425844134,-19.99997751,-5.390344753,120.9842309,0.65625,0.9,0.545454545454545,"explicit","c2"
"A3OOD9IMOHPPFQ",14.98514037,8.282950125,-5.317197135,-19.3475255,1.573178679,95.53693511,0.333333333333333,0.25,0.388888888888889,"explicit","c1"
"A3OWHW7XYQU52K",-14.99999462,0.210944167,0.582283252,2.292527905,2.872020926,111.7614934,0.833333333333333,0.777777777777778,0.916666666666667,"explicit","c1"
"A3PJ51GS2AKBO6",4.93094357,0.315378285,-0.651099875,-19.99999897,7.458848305,102.7977282,0.6,0.611111111111111,0.583333333333333,"explicit","c1"
"A3PPRVK6XK6GP5",4.216654856,0.04284952,-9.99999758,19.99999888,4.000584564,78.96251298,0.8,0.8125,0.785714285714286,"explicit","c1"
"A3PRX6CU0P34NE",1.198950545,9.999250042,-1.244829277,10.75706941,19.9999999,117.7795954,0.75,0.833333333333333,0.642857142857143,"explicit","c1"
"A3QC57KUVJP5EW",2.193019139,9.997660892,-4.694421245,9.170827552,-2.588091096,87.49028474,0.53125,0.5,0.555555555555556,"explicit","c2"
"A3QSJY1FFN0N6V",14.99999775,1.429389613,-6.21129574,19.99999984,8.917671736,112.8463148,0.733333333333333,0.6875,0.785714285714286,"explicit","c1"
"A3R0TIQBS9FK5Y",3.435592507,1.760624551,-0.016111671,-7.408751453,-2.029022817,115.4854095,0.733333333333333,0.75,0.727272727272727,"explicit","c2"
"A3R55C67WKDZKO",14.99999923,1.279111399,-7.546447222,19.99999971,-8.918238004,115.1364986,0.466666666666667,0.416666666666667,0.5,"explicit","c1"
"A3RF5Y6M8IIKS",14.99999604,0.249711932,-2.421847359,-10.98682162,3.809926519,133.6448101,0.709677419354839,0.5,0.842105263157895,"explicit","c2"
"A3RLCGRXA34GC0",-1.694383683,7.814440677,-8.88833742,19.99999952,-5.068565823,128.2839388,0.758620689655172,0.666666666666667,0.823529411764706,"explicit","c2"
"A3RO90I4O8I0O2",7.656797934,0.028936237,-9.999999342,11.09460082,-3.095607206,114.994613,0.65625,0.6,0.681818181818182,"explicit","c1"
"A3RQN5RZD1N2KP",10.18723841,0.082604836,-9.9999877,5.220334856,3.292369864,116.5704541,0.8,0.25,0.884615384615385,"explicit","c1"
"A3RU7ANMLXJQF6",-14.99999969,0.117712946,0.129155195,6.838293236,3.120164847,135.4303844,0.78125,0.75,0.8,"explicit","c2"
"A3RYH6OUH7BJ4Z",9.565894085,9.999956915,-5.155122425,-8.951829537,14.14588485,102.4172337,0.84375,0.833333333333333,0.85,"explicit","c2"
"A3SHZQLYH7L1V4",8.586621272,9.998363253,-1.869690278,-19.9999998,-19.99999947,131.3157069,0.7,0.833333333333333,0.611111111111111,"explicit","c2"
"A3T61LJ1WNOL6Z",14.61257071,4.847057033,-8.813441514,-6.927098896,19.99999664,123.7488015,0.9,0.75,0.923076923076923,"explicit","c2"
"A3U6IA3JUSFZ2M",5.425101643,9.999667794,-4.886397575,-1.749130545,9.6243616,87.96633154,0.25,0.166666666666667,0.277777777777778,"explicit","c1"
"A3U761PEG7MFKT",8.330399108,2.082187042,-6.637897455,19.99999981,-8.940563038,103.2920979,0.533333333333333,0.666666666666667,0.444444444444444,"explicit","c1"
"A3UNS38BYD3OQR",9.797814268,0.118873759,-9.999998266,4.883094698,-1.665072243,122.1474842,0.84375,0.875,0.833333333333333,"explicit","c2"
"A3UUH3632AI3ZX",0.430335471,9.998055627,-1.324920726,1.971555371,0.305241273,122.4052877,0.866666666666667,0.9,0.85,"explicit","c2"
"A3UV55HC87DO9C",14.99999878,0.436939126,-9.769223288,-9.662999961,-9.263021026,120.9391743,0.633333333333333,0.666666666666667,0.625,"explicit","c2"
"A3VCHVSAIASL5F",0.97114039,9.998168546,-4.318352524,11.81054646,-2.490606868,109.6569375,0.866666666666667,0.875,0.863636363636364,"explicit","c2"
"A3VP27UUQ34OXK",-14.99990497,0.037951449,-0.315408368,19.99996998,-16.77306388,130.0998148,0.7,0.875,0.636363636363636,"explicit","c2"
"A49HPQ9P5AHU4",4.675448397,1.373836092,2.614441424,-19.9999995,2.878343819,113.1036903,0.533333333333333,0.5,0.555555555555556,"explicit","c1"
"A4E1UYPDHE8D8",14.99949107,0.075020932,-6.808875154,-19.99999615,-0.090409369,129.2757616,0.84375,0.916666666666667,0.8,"explicit","c2"
"A4JU6ZFL8C1VG",2.670277294,0.332422979,-3.733520978,2.959378238,3.488073269,75.74506087,0.46875,0.4,0.5,"explicit","c1"
"A4SC8G0149GEG",-1.166431443,9.961967133,-3.961116343,10.58145834,0.623400416,98.6166855,0.53125,0.416666666666667,0.6,"explicit","c2"
"A4W9APAHFWVLO",-3.103739581,9.998673775,-6.147262368,16.68105528,-1.968823068,104.2689456,0.625,0.625,0.625,"explicit","c2"
"A4ZPIPBDO624H",4.637791008,1.060313237,-4.0283311,-6.584131117,-14.27687191,114.3663686,0.766666666666667,0.714285714285714,0.8125,"explicit","c2"
"A5TI9UQEPLNWI",3.32902456,9.992613374,-2.007648684,-0.791333203,-1.637544225,115.5562302,0.766666666666667,0.666666666666667,0.791666666666667,"explicit","c2"
"A62H1UZADLF7Q",9.994104075,0.314753119,-8.626608817,19.99999319,-1.384204759,122.5654865,0.5,0.357142857142857,0.611111111111111,"explicit","c2"
"A667L63P4M8NO",1.879039663,0.135858382,0.589386449,-15.30010219,7.571135437,103.2259556,0.375,0.333333333333333,0.384615384615385,"explicit","c1"
"A6JKKANO7F4KD",14.99998905,0.045775693,-9.497883584,-18.9816468,2.567725157,102.8584209,0.75,1,0.636363636363636,"explicit","c1"
"A6U2C66WQ7QQN",11.70025407,0.002414193,-9.989069249,-19.99997444,-9.231982494,129.8952184,0.5,0.571428571428571,0.444444444444444,"explicit","c2"
"A7R1OLLU1Z6RA",-14.99999659,2.667051512,-2.781133924,5.710512578,2.198823549,106.9668327,0.6,0.875,0.5,"explicit","c1"
"A85ATJSDTIARY",14.99999915,0.897386078,-1.300165949,-6.768134288,11.58288895,94.14834899,0.6875,0.714285714285714,0.666666666666667,"explicit","c1"
"A8FUMDQFBKMXR",14.99999909,0.212833536,-6.141140529,-19.99999888,-5.3218566,100.3222598,0.586206896551724,0.666666666666667,0.5,"explicit","c2"
"A8OE2E20OZYKI",7.986166219,0.950244936,-9.999999928,6.656056802,12.88043777,95.11062316,0.678571428571429,0.75,0.666666666666667,"explicit","c2"
"A8TIL9U6YHG5",1.05958404,0.628666214,-6.028030316,19.99999953,7.198727421,118.9091424,0.933333333333333,1,0.882352941176471,"explicit","c1"
"A9K0CV70JWG1W",-0.983878513,0.277072411,-5.025892773,19.99999496,-0.413705064,115.9935497,0.333333333333333,0.416666666666667,0.277777777777778,"explicit","c1"
"A9KPD7Y55PU9Q",5.345514048,0.32408027,-9.999999924,19.99999965,-0.241500879,111.4154159,0.84375,0.5,0.958333333333333,"explicit","c1"
"A9WIOFVRSYW3L",5.621729929,0.220392348,-8.566136544,19.99999407,2.383212348,106.8552207,0.733333333333333,0.722222222222222,0.75,"explicit","c1"
"A9YJYYOWOVCR1",11.44703139,0.029102946,-9.999991673,-6.597306828,4.485507485,108.4902815,0.75,0.7,0.833333333333333,"explicit","c2"
"AAEZQL4J6CQGM",12.38669616,0.041836103,-9.999991716,-13.10728354,-19.99999846,106.5591106,0.4,0.5,0.3125,"explicit","c1"
"AAXYYH9MI3PJM",7.881231215,0.445951319,-9.999999672,12.67389298,-2.428256772,101.1307785,0.464285714285714,0.5625,0.333333333333333,"explicit","c1"
"ABKPEX0E9W2HW",-3.355167646,1.399290363,-6.394278917,19.99999857,-5.686335954,125.6718226,0.75,0.555555555555556,0.842105263157895,"explicit","c2"
"ABLP1KUWW46S6",9.884728963,9.771224061,-3.183677323,-19.99996648,19.99989951,133.3213165,0.5625,0.55,0.583333333333333,"explicit","c2"
"ABX5OQLR6UNBC",3.570777005,0.127655329,-0.023456794,-14.75288439,1.963503556,118.7833826,0.8125,0.875,0.75,"explicit","c1"
"ACDX50KGPE97I",4.085954343,9.99990226,-6.733137928,18.59633212,19.99999991,111.6906351,0.7,0.916666666666667,0.555555555555556,"explicit","c1"
"ACSS93E03ZUGX",-11.56825682,0.09198314,-0.169593609,19.99999187,1.993414375,110.8879719,0.59375,0.666666666666667,0.55,"explicit","c2"
"ACVEFRSUAPSEQ",14.99999987,0.654123324,-4.991068798,-6.558761562,0.237183793,112.5802259,0.7,0.75,0.666666666666667,"explicit","c1"
"AD317NO9623GZ",14.99999696,9.989762417,-7.834894661,-13.15664452,19.02573592,127.004925,0.733333333333333,0.75,0.730769230769231,"explicit","c2"
"AENW881YO2H8S",14.99999932,0.140089122,-7.182380165,-11.049565,1.848767404,107.5498089,0.90625,0.85,1,"explicit","c1"
"AETIZKQNUSBLB",-14.99999779,2.184141956,0.51171087,-0.122594591,-1.255102606,99.54503912,0.6,0.642857142857143,0.5625,"explicit","c1"
"AFKZZEURTCR8U",2.265692163,1.006019198,-3.444927024,4.112818541,-1.37206,104.2787247,0.3125,0.333333333333333,0.3,"explicit","c2"
"AFU00NU09CFXE",14.84463509,0.028929088,-9.999942143,-19.9999734,0.588657897,110.1649327,0.875,0.9375,0.8125,"explicit","c2"
"AGMJL8K9OMU64",-14.99686435,0.018540485,6.587832891,19.99999153,5.828350584,101.5587613,0.6875,0.7,0.666666666666667,"explicit","c1"
"AIW85EF59VCQO",2.296838289,9.99987922,-2.074785593,1.324174812,1.143740391,90.31277392,0.46875,0.45,0.5,"explicit","c2"
"AIYGT8I9PZ9CC",8.684181573,2.450099376,-9.999999101,8.937499783,12.41912496,109.3059446,0.733333333333333,0.75,0.722222222222222,"explicit","c2"
"AJWES6SFIP3AT",-14.99998063,0.130719449,6.930968481,-19.99994371,2.20924022,133.0719073,0.793103448275862,0.888888888888889,0.636363636363636,"explicit","c2"
"AJXGV70V3PDOC",7.47628236,0.392448818,0.372506606,-19.99999043,1.656081452,123.4368499,0.46875,0.7,0.363636363636364,"explicit","c2"
"AKVDY8OXNMQED",14.99999685,9.979024584,-6.259515187,-9.939415651,0.319122359,102.2672981,0.6,0.5625,0.642857142857143,"explicit","c1"
"AKX5RHHO8BIUX",-10.7463174,0.444437598,-6.276765814,19.99999098,-2.387325422,116.9444798,0.65625,0.7,0.636363636363636,"explicit","c2"
"AKZ8SFOAI4RZN",1.640939015,9.999847484,-0.518960462,-7.234599508,-4.461330549,83.63765222,0.65625,0.666666666666667,0.65,"explicit","c1"
"ALLP45O3BDWYM",12.56224149,0.018031344,-9.999806819,-15.48509518,-9.583059181,111.1414681,0.90625,1,0.85,"explicit","c1"
"ALVNMQMD3Q3ZE",-9.659983687,9.999912505,-6.920394642,19.99999957,2.523450267,106.4081788,0.5,0.5,0.5,"explicit","c1"
"ANPCXN619ACW9",9.25831496,0.999245197,-4.533150607,-0.586914004,19.99999949,107.2132542,0.766666666666667,1,0.708333333333333,"explicit","c1"
"ANTH5IGN5CHN6",14.99997703,1.225968343,-0.672019674,-7.102370748,-1.430010565,106.4274804,0.46875,0.5,0.458333333333333,"explicit","c1"
"ANV8C2DATCAPB",2.024881768,0.946032112,-0.379066108,-4.399946225,-1.193566135,96.34619596,0.375,0.25,0.45,"explicit","c2"
"AOAZMLP27GD81",11.29385417,0.238025195,-9.999998985,10.55771842,4.215812782,115.4238103,0.78125,0.666666666666667,0.85,"explicit","c1"
"APGX2WZ59OWDN",0.611903795,9.930773792,-5.482021901,13.96353068,-19.99999794,110.959225,0.9,0.916666666666667,0.888888888888889,"explicit","c1"
"APR6H3HAOE9OU",10.50783772,0.08214609,-9.999827619,1.021223513,-0.115236057,104.0301743,0.78125,0.875,0.75,"explicit","c2"
"AQJWO4YPR3LUQ",14.65742687,0.051624793,-9.999999401,-18.02611443,-6.988071484,92.04432552,0.833333333333333,0.875,0.818181818181818,"explicit","c1"
"AQV468FB908WI",14.99999906,0.224509529,-4.941192505,-19.49287917,-0.709323583,104.1593109,0.875,0.833333333333333,0.9,"explicit","c2"
"AQXRHIMQ7UK7O",14.36404757,0.093310354,-9.999989055,-8.963266009,14.41285437,118.5286694,0.866666666666667,0.75,0.944444444444444,"explicit","c1"
"ARLGZWN6W91WD",10.52233276,0.352458773,-9.999999347,11.7401503,2.858390167,98.91980843,0.766666666666667,0.8125,0.714285714285714,"explicit","c2"
"ARYGQ46IMW8AU",14.99999768,0.899784566,0.270597218,-10.68923419,3.75125083,98.58076823,0.766666666666667,0.5,0.9,"explicit","c1"
"ASTDBTVY3WP1K",14.5448001,0.0195444,-9.999921371,-19.99999605,-0.240194004,109.5312809,0.833333333333333,0.833333333333333,0.833333333333333,"explicit","c2"
"ATBIPUCO3EKS6",11.31841714,0.014263948,-9.999995389,-7.609143522,-0.029643318,115.2019719,0.433333333333333,0.375,0.5,"explicit","c2"
"AVPKE76DJLWK6",-1.532618859,9.415752264,-8.410123757,17.16508929,5.3713619,121.367144,0.566666666666667,0.357142857142857,0.75,"explicit","c2"
"AVXEDARJC5HLU",2.061834985,0.481719362,-9.335115245,19.99992196,-19.99997104,110.8200444,0.375,0.5,0.318181818181818,"explicit","c1"
"AWF8F3RD3NA9D",13.86640695,0.881725283,-8.959512494,19.99985657,-8.394202355,113.8621172,0.620689655172414,0.5,0.769230769230769,"explicit","c1"
"AX06ZUCRNSGB3",14.99999056,0.297255531,-4.458109487,-19.63234721,0.30242376,100.5782022,0.607142857142857,0.5,0.75,"explicit","c1"
"AXDO88EAF2SKI",5.384629248,1.916705114,-7.889846012,19.99999984,-17.70321105,96.44346225,0.633333333333333,0.571428571428571,0.6875,"explicit","c1"
"AY0BJCGY2DHIX",-9.882595374,9.99991095,-5.723283775,12.37613964,-3.414897711,128.9701086,0.625,0.666666666666667,0.6,"explicit","c2"
"AY5O199V9M9O7",-14.99999159,0.506714055,-6.440915466,19.9999978,16.67587824,124.2063661,0.7,0.727272727272727,0.625,"explicit","c1"
"AYF8B7WJO2YQU",13.89612062,0.009398468,-9.998489254,-16.66168873,-4.163462574,115.5104953,0.4,0.7,0.25,"explicit","c2"
"AZACNY1H74YWS",0.725434373,9.999451918,-0.187359794,-3.552141775,0.026609527,108.5351561,0.84375,0.875,0.8125,"explicit","c2"
"5484620efdf99b0379939c6a",9.212914751,0.009954718,-9.999847158,0.512841438,-10.15697861,101.3714963,0.53125,0.785714285714286,0.333333333333333,"implicit","c1"
"5589c7cefdf99b18bd86cf31",4.908496637,9.999740084,-9.999999888,19.11485393,0.070362783,81.47115435,0.4375,0.388888888888889,0.5,"implicit","c2"
"5589cf61fdf99b18bd86d076",-4.380689924,9.998789674,-0.344037555,19.99999858,9.746985363,129.9827222,0.6875,0.727272727272727,0.6,"implicit","c1"
"558acd52fdf99b65685f03d9",1.001397556,9.999651402,-7.407664659,19.99999864,-0.140239732,100.3255531,0.53125,0.5625,0.5,"implicit","c2"
"559e6830fdf99b4f0b98514a",1.589609173,9.999524466,-2.809925454,4.655181206,-2.317273009,119.6111271,0.71875,0.625,0.75,"implicit","c2"
"55a47692fdf99b126e625257",14.99999284,0.156486007,-9.306722481,-19.99999178,19.99999866,124.9855218,0.84375,1,0.791666666666667,"implicit","c1"
"55b1add5fdf99b6731f04c5a",10.68167801,0.478928139,-9.99999997,8.250789127,-17.78851251,126.2357285,0.709677419354839,0.666666666666667,0.72,"implicit","c2"
"55d4bf9d58c358000c3dbde9",-14.99821331,0.037466366,1.598158076,19.99998723,4.851045353,115.0334856,0.78125,0.722222222222222,0.916666666666667,"implicit","c2"
"55ddb84550a1f7000b90d65a",14.99999928,1.36499297,-7.011987214,14.87121983,19.99999851,117.8015083,0.6875,0.5,0.8,"implicit","c1"
"55ea70c37480920010aa9982",4.78271619,0.210685061,-9.99999929,19.99999511,8.781139703,101.0565375,0.53125,0.4,0.590909090909091,"implicit","c1"
"56213a1aed6e5a0005c7f760",10.03046405,0.297774966,-9.999999731,2.334635567,-19.79674258,130.6178243,0.65625,1,0.576923076923077,"implicit","c2"
"569916e4b0e16500050131b4",0.231790615,9.107139937,-5.0447016,11.3292928,-9.613710128,109.0028985,0.78125,0.875,0.75,"implicit","c1"
"56a37d86dbe850000bfcef9d",7.282708748,9.380733302,-9.999998323,10.56559532,14.59125945,111.0237781,0.71875,0.65,0.833333333333333,"implicit","c2"
"56c8915edfea6c000cb29c98",14.99998483,0.079221625,-9.430183898,-15.93928756,4.781309567,108.1237251,0.67741935483871,0.625,0.695652173913043,"implicit","c2"
"56f542877e3935000ce43685",6.964615393,0.084688961,-9.99999569,11.5966208,-19.9999991,82.81824579,0.3125,0.357142857142857,0.3125,"implicit","c1"
"57223b1c01ed330011374d93",-11.2390238,9.99957168,2.905677676,-19.99999869,0.097090586,116.8798724,0.84375,0.8125,0.875,"implicit","c1"
"573bc4fbf3580b000fce0af4",0.389966174,0.589105534,3.064874467,-16.66153063,-2.434000231,118.2044003,0.71875,0.727272727272727,0.7,"implicit","c1"
"575a0b3033577a00060af29a",1.861874088,9.8663231,3.179856831,-14.72688494,-19.99999714,128.9338648,0.6875,0.833333333333333,0.653846153846154,"implicit","c2"
"576017836442fa0006cfb7cd",14.99999316,0.102301091,-5.838769698,-13.16328312,3.276457274,121.9398499,0.59375,0.6875,0.5,"implicit","c2"
"5765705e26ed5300019ff9da",6.280450618,9.990386401,-6.767254514,8.055227568,4.7704364,114.1978721,0.34375,0.444444444444444,0.214285714285714,"implicit","c1"
"57a93244dcff7d0001c7d86f",14.9999998,0.299183691,-5.169676357,-14.42238277,4.007781486,122.9509095,0.6875,0.75,0.625,"implicit","c2"
"58043bb3bd8a970001fdef44",4.961228908,9.99942341,-9.745026819,19.99999958,-2.013372524,100.0309296,0.875,0.916666666666667,0.85,"implicit","c2"
"58066bf52d948b00014ba876",10.57893812,1.363871771,-9.999999836,15.09037993,-14.1575476,117.2065368,0.78125,0.785714285714286,0.777777777777778,"implicit","c2"
"58635484a73baa00010db537",1.498926729,9.999731627,-7.567632875,19.99999978,-7.400653869,118.1345544,0.71875,0.7,0.727272727272727,"implicit","c2"
"58a9bada6a8d3b00017eccc2",13.23041837,0.017960957,-9.999992766,-19.99999933,-1.531977559,125.5767679,0.8125,0.7,0.863636363636364,"implicit","c2"
"58f5365dfb4d7500014aeebc",-4.291696641,0.12251745,1.79533499,-10.40806447,10.23004094,102.7887025,0.625,0.5,0.75,"implicit","c1"
"591125aaa051530001bfc871",-14.99999856,0.416238786,-1.349466076,2.80756769,19.99999924,123.05025,0.78125,0.7,0.916666666666667,"implicit","c1"
"5920812416d99b000179eb91",6.017355161,0.102696113,-9.999993896,19.99999889,-9.385535101,116.7312521,0.84375,0.928571428571429,0.777777777777778,"implicit","c1"
"59288c238bc6770001fc1d6e",-9.411817564,9.999721545,-9.670271503,19.99998658,-10.04908731,131.667679,0.65625,0.6,0.681818181818182,"implicit","c2"
"5928b05e590f0b000126edb8",6.402266204,0.08958613,-9.999999383,19.99999925,6.818071009,109.1260972,0.78125,0.8125,0.75,"implicit","c1"
"59296fb2e8a7ff000163f033",5.863001739,1.878868554,-9.422978468,19.99999657,19.99999945,113.4243625,0.46875,0.285714285714286,0.611111111111111,"implicit","c1"
"597fe89a1b41a20001749f57",10.21800506,9.999620888,0.236194053,-19.99999994,-4.787775887,102.9214762,0.875,0.666666666666667,0.923076923076923,"implicit","c2"
"59c25b315364260001dc4b45",2.772188395,1.005598663,-6.943980496,16.99141603,-19.9999997,113.5198711,0.625,0.8,0.545454545454545,"implicit","c1"
"59dc458f77860e000151240e",4.461792303,0.216714987,-8.429525678,19.99999594,-1.874695458,85.42874052,0.59375,0.75,0.541666666666667,"implicit","c1"
"59f78f90a764fc000135f6e6",12.93401618,0.012177942,-9.999936757,-14.51022751,0.919890225,118.9287494,0.625,0.6875,0.5625,"implicit","c2"
"5a03d20a7ecfc50001be0a7a",-14.99999103,0.067765598,1.388177546,17.20540933,-5.137679337,139.2164757,0.65625,0.8,0.590909090909091,"implicit","c2"
"5a04869ff2e3460001edad2e",5.830566127,0.176998347,-0.530641849,-19.99999985,5.143893621,105.9370824,0.5625,0.642857142857143,0.5,"implicit","c1"
"5a4ae15d6d85f80001c25f65",6.236328375,9.981337778,-6.231407487,19.96204925,3.455328904,120.0265403,0.625,0.5625,0.785714285714286,"implicit","c2"
"5a7618b18fe2dc0001057243",14.42149847,8.159603648,-9.992532006,-19.99999068,-19.99852958,136.159849,0.483870967741935,0.636363636363636,0.4,"implicit","c2"
"5a792c898fe2dc0001058c3b",4.584809362,9.96257422,-9.999998203,8.774156396,-4.444033568,134.9957726,0.8125,0.875,0.791666666666667,"implicit","c2"
"5a99003d777df200015ff521",8.163878886,0.23905036,-9.999999883,12.67194311,19.99999982,124.9983102,0.4375,0.5,0.423076923076923,"implicit","c1"
"5ac4c721e1099600016a823b",14.99999963,0.04254099,-8.957452207,-19.99999948,7.519293132,114.9809629,0.59375,0.625,0.5625,"implicit","c2"
"5ae25791af72e0000127b8f7",2.694874536,2.701389808,-6.581924441,10.93591025,-4.45585202,127.3307072,0.233333333333333,0.0714285714285714,0.375,"implicit","c2"
"5b04e335331e8100018f7b76",4.697895997,9.962212965,-6.578622373,19.99998769,-16.37076052,136.1104995,0.78125,0.8,0.772727272727273,"implicit","c1"
"5b0fa626bd9c310001568d6c",10.96788897,0.088598259,-4.168480458,-19.99999287,-5.124847914,122.3771056,0.75,0.833333333333333,0.7,"implicit","c2"
"5b133bba30d562000155dc2e",-14.99999953,1.465602381,-6.398717048,19.99999957,9.743903802,108.2243721,0.5625,0.583333333333333,0.55,"implicit","c1"
"5b15d20c444cef0001cb1153",14.99995793,2.102190591,1.138934007,-19.99999572,-17.70152554,116.7153883,0.46875,0.4375,0.5,"implicit","c1"
"5b16d3afb7809d000165d82c",6.821141113,0.860936927,-8.540474619,19.99999979,8.762265345,119.4810974,0.709677419354839,0.916666666666667,0.578947368421053,"implicit","c2"
"5b18248744127b00013f90ce",1.805890292,9.999754931,-5.291605271,7.675725004,-0.194690462,89.74474171,0.5625,0.7,0.5,"implicit","c2"
"5b184f9768a5ed0001734190",-14.99999933,1.595048741,-1.665029196,5.079127294,2.143458505,108.395131,0.84375,1,0.807692307692308,"implicit","c2"
"5b25b16e34ffd00001b43e24",-14.99992517,0.092804936,6.140437342,-13.39664106,-19.99998026,137.9435702,0.59375,0.666666666666667,0.55,"implicit","c2"
"5b2bfb37163ead00013fb8b4",10.30456952,0.01264533,-9.999688759,-4.537536454,-7.199827945,96.16155918,0.9375,1,0.923076923076923,"implicit","c1"
"5b48e77c369f84000112a85c",-14.99997537,0.387039554,-3.773881332,18.65685349,18.93909244,120.1778268,0.4,0.391304347826087,0.428571428571429,"implicit","c1"
"5b564680ed90280001510d9a",12.06946789,0.04537608,-9.999976951,-2.124937627,1.610237188,100.5418808,0.645161290322581,0.6,0.6875,"implicit","c1"
"5b589d330bc96b0001fa5d3c",14.99999541,0.110260496,-7.075326266,-19.99999823,8.349917359,126.3508866,0.8125,0.833333333333333,0.818181818181818,"implicit","c2"
"5b619b6c5256470001bcf992",6.166442209,0.397218682,-9.212833338,14.78605366,19.9999957,106.1972984,0.6875,0.6,0.727272727272727,"implicit","c1"
"5b7332e8fd718d00013d0655",2.524603785,0.412879409,0.569010556,-12.23527041,-0.556072203,113.6465668,0.84375,0.785714285714286,0.888888888888889,"implicit","c2"
"5b7c89c4db11320001c43c05",-12.6544668,9.99111822,-9.727742225,19.99913039,-1.703017612,129.2357574,0.5,0.416666666666667,0.55,"implicit","c2"
"5b7e118e87d85f0001baac27",10.26727647,0.81778071,-5.595280703,7.37827485,19.99999076,97.40422079,0.875,1,0.75,"implicit","c1"
"5b954f10754b700001f06bf0",5.649717191,9.386813934,-9.999989203,6.54628104,-6.513544813,134.7415597,0.5,0.5,0.5,"implicit","c2"
"5b97f70161c19e00018db4a8",3.755292534,1.245189595,-1.953137817,3.894170919,-0.060507522,82.56090728,0.59375,0.571428571428571,0.611111111111111,"implicit","c1"
"5b984dd258ee9f00012fbfd2",14.99999685,1.574167763,-0.388520396,-3.540952682,5.464721863,96.69511971,0.78125,0.833333333333333,0.75,"implicit","c1"
"5ba86de49629a90001b3ef5f",-1.551557851,0.426354939,-4.804819406,19.9999992,-0.073407253,100.7820056,0.53125,0.571428571428571,0.5,"implicit","c1"
"5ba937237c0ebe000127583e",6.663026488,0.299091221,-9.999999794,15.03840823,-4.553271182,123.8152284,0.75,0.666666666666667,0.769230769230769,"implicit","c2"
"5bb917f53ea7ed00017ca5fb",2.067378567,0.596721213,-3.993110522,9.321524398,1.846396209,112.334474,0.65625,0.708333333333333,0.5,"implicit","c2"
"5bbc18010cb04c00015025ce",13.38754571,0.275384878,0.506855294,-19.99999942,17.81233701,125.9659784,0.65625,0.7,0.65,"implicit","c1"
"5bbd3bacf732b50001d9099a",5.120055236,0.124789625,-9.999995361,8.665056677,-19.67434323,141.9038897,0.5,0.571428571428571,0.444444444444444,"implicit","c2"
"5bc8897f462bdb0001a61426",14.99999957,9.990034163,-9.999999862,-7.217784586,-19.7168556,123.6565008,0.78125,1,0.75,"implicit","c2"
"5bdb735e48428800012fdf8d",9.850271044,9.999843583,2.984366216,-19.99999979,-0.300128857,116.0616975,0.645161290322581,0.6,0.653846153846154,"implicit","c2"
"5bf08d054863520001b1e1dc",5.6992626,9.998123116,-9.999999701,11.69825809,-19.99999881,130.5971674,0.53125,0.666666666666667,0.5,"implicit","c2"
"5bf31e39f757c2000130e8ee",14.99999963,0.273910197,-6.139856704,-13.57623578,-5.811342354,114.0657728,0.75,0.785714285714286,0.722222222222222,"implicit","c2"
"5c0150326a0c6e00013c6068",-10.67432612,9.999971943,2.817107109,-19.99999989,-6.084411081,124.178513,0.193548387096774,0.214285714285714,0.176470588235294,"implicit","c1"
"5c054e8a553fb800011917d7",-14.34578198,0.082206169,-9.680107037,-19.11429867,5.85770503,131.9961172,0.5,0.5,0.5,"implicit","c2"
"5c0ddc894bc2690001b67bd0",-3.491282624,0.084161117,4.609924693,-16.40524304,1.668405589,117.1801302,0.6875,0.6,0.727272727272727,"implicit","c2"
"5c223d4a4a7e1f000137e5b9",14.99996894,0.190132406,-9.553365936,-18.57028806,-18.53290371,114.7274275,0.625,0.928571428571429,0.388888888888889,"implicit","c2"
"5c27b2157e42a600015bf8ef",14.99453198,9.999841302,-1.355305338,-19.99999961,19.37916525,112.9916761,0.65625,0.6,0.681818181818182,"implicit","c1"
"5c2b4b959f18a9000179a141",6.954292558,1.474641761,-0.197818729,-19.9999863,-19.9999973,130.8175416,0.625,0.571428571428571,1,"implicit","c1"
"5c3222061251d100018bf8ab",1.522535801,9.983602566,2.639384289,-19.9999964,-1.189061448,126.3360552,0.90625,0.916666666666667,0.9,"implicit","c2"
"5c4098bc2dcf46000167e4c9",5.718518568,1.748905117,-9.999986267,11.66111303,-19.99999588,114.2890019,0.5625,0.5,0.576923076923077,"implicit","c2"
"5c41fb6f848dbb000157e2e5",14.9605475,6.916859366,-9.902552699,-19.89146469,-5.039383423,116.6652255,0.4375,0.25,0.55,"implicit","c1"
"5c42b3fd7b4dcb00017f04be",13.31314093,1.264890941,-9.999996092,-1.713181296,-18.95152871,128.5870985,0.90625,0.875,0.9375,"implicit","c2"
"5c4af67cdccaa800016b3192",10.64914609,0.083416845,-9.999922984,-6.168920101,19.99999701,123.6652346,0.71875,0.625,0.75,"implicit","c1"
"5c4be2759233b80001b2ed8a",6.494199656,0.842592565,2.534155462,-19.99999257,0.134318753,126.6286234,0.75,0.6875,0.8125,"implicit","c2"
"5c4d1a6c9ce35100019dbc88",-14.99968346,9.999846424,-6.610812153,19.99999587,1.524197264,109.8174316,0.84375,0.833333333333333,0.857142857142857,"implicit","c2"
"5c55fec09fcbc40001dc50b5",3.194989674,0.744512147,-5.086496684,9.112084444,0.952568518,59.91003784,0.4375,0.4,0.454545454545455,"implicit","c2"
"5c5ae4a166c50300015170a8",-14.99930524,0.009217574,8.777324133,19.99998963,-2.098761584,105.8570473,0.65625,0.625,0.681818181818182,"implicit","c1"
"5c5aecc774a76f0001a25ced",-1.453708215,0.743493395,-5.990603496,19.99999926,-4.254984751,100.9475513,0.34375,0.166666666666667,0.45,"implicit","c1"
"5c6071a1e1df700001ca8bf1",3.5073811,0.256865899,-9.999999562,12.57257391,-5.170366542,118.3335036,0.6875,0.666666666666667,0.7,"implicit","c2"
"5c6c666a4d4f48000122caf8",4.444048321,0.063984808,-9.999925757,18.21394077,-19.99999349,129.3734912,0.65625,0.8,0.590909090909091,"implicit","c1"
"5c6c6a5e85108c00012b0e6e",7.979557468,0.1918201,-0.10613841,-19.96055602,2.846238053,106.5997561,0.65625,0.5,0.708333333333333,"implicit","c2"
"5c6f1e080b99a000018cc53b",9.039801729,0.567659713,-4.603229273,-19.99999883,19.9999926,123.8335466,0.78125,0.888888888888889,0.666666666666667,"implicit","c2"
"5c720c7278263500015665f9",5.008293712,0.944933436,-9.999998151,12.15253905,-13.95983599,128.2336849,0.71875,0.75,0.708333333333333,"implicit","c2"
"5c7456844761e00015c6a5dc",8.643724113,0.285360154,-9.999948961,1.308199472,10.21354947,124.5708841,0.78125,0.5,0.909090909090909,"implicit","c2"
"5c747b0f181ad300113363ed",-1.926101832,0.638565015,-2.747421376,9.189092827,1.131816896,92.77508841,0.6875,0.785714285714286,0.625,"implicit","c2"
"5c78639fa7e5ae001565b255",14.99999923,0.516188728,-9.999977977,5.384813146,13.51362557,128.5526293,0.65625,0.6,0.681818181818182,"implicit","c1"
"5c7b6606edd568001200fa9c",4.907208568,0.813315833,-9.999999117,14.43238557,-8.332075688,130.3490593,0.71875,0.7,0.727272727272727,"implicit","c2"
"5c830a66d6a4d0000164097d",2.537375607,0.366382626,-9.999998501,19.99999966,-7.525247518,123.5445136,0.5,0.3,0.65,"implicit","c2"
"5c8e869154c82b00187d5810",-14.99999067,0.911697621,2.626510432,-19.99999989,19.99999989,110.286665,0.8125,0.916666666666667,0.75,"implicit","c1"
"5c91c693765dad0016f8495c",14.99999908,0.159189068,-4.220691494,-18.0625359,-3.236552407,104.6878134,0.548387096774194,0.666666666666667,0.52,"implicit","c2"
"5c925b0fb138fe0014e4036b",6.122903275,0.357386318,-9.999999854,19.99999976,19.99999924,113.0755615,0.65625,0.611111111111111,0.714285714285714,"implicit","c1"
"5ca229d63861e700154363bd",9.950281598,0.437411572,-9.999999764,19.99999903,8.016179782,96.91088932,0.53125,0.428571428571429,0.611111111111111,"implicit","c1"
"5caeb61f1903d30016f1b410",-14.9999775,0.155636238,4.619441443,-11.38303621,19.99999193,139.5782379,0.65625,0.777777777777778,0.5,"implicit","c2"
"5cb33d40f173240019513957",-14.99999805,2.131811651,-0.623975083,-1.024190543,0.549625731,109.1275001,0.59375,0.714285714285714,0.5,"implicit","c2"
"5cb5ff63931852001cf69b28",-14.99999801,0.267352102,-3.742337832,10.17992076,-3.765460948,116.5260768,0.59375,0.642857142857143,0.555555555555556,"implicit","c2"
"5cb80f255a63a200167ead10",14.99233281,0.571511943,-9.999966686,-7.864176305,-19.99970343,126.2853818,0.46875,0.333333333333333,0.55,"implicit","c2"
"5cc67bf2e44c720016ae8c16",4.817157332,0.424192284,-1.19220077,-6.829370781,-0.534708212,113.2815967,0.84375,0.833333333333333,0.857142857142857,"implicit","c2"
"5cf2e52930eedd00016bbebd",-2.367937314,0.774522894,1.965018043,-9.660005777,2.153056092,128.8005023,0.612903225806452,0.6,0.625,"implicit","c2"
"5cf6150ce42af100015a90c4",-14.98898012,4.731926797,4.28243545,-19.99999286,-10.80455803,120.1697434,0.84375,0.833333333333333,0.888888888888889,"implicit","c2"
"5cfed217cc76fc001ae58254",14.99999819,0.809478959,-8.88990651,19.77665825,-14.08613079,112.3895135,0.75,0.6875,0.8125,"implicit","c1"
"5d0dccf897384f00015a4c44",12.55081156,0.864909627,-2.994732645,-19.99999968,15.77651578,115.9498468,0.84375,0.833333333333333,0.85,"implicit","c2"
"5d1cc0603690a90017b7fde9",13.51583465,0.073268433,-9.99939173,-19.9999703,-5.554428526,133.1058283,0.71875,0.75,0.6875,"implicit","c2"
"5d2d953e1d075a0001ec41db",-14.99999416,1.311972528,-4.540814331,11.49707894,19.99999936,123.5755609,0.84375,1,0.6875,"implicit","c1"
"5d3c4728aca82300197c96db",-14.99997253,0.098092085,5.771341623,-15.98641869,19.9999699,138.5505232,0.65625,0.6875,0.625,"implicit","c2"
"5d513e048c23ee001740b583",11.65406359,9.717251522,-9.999983691,12.79625765,19.99997586,122.9661953,0.875,0.888888888888889,0.857142857142857,"implicit","c1"
"5d54b73f1c1de70015d50959",-14.99999932,0.214051278,5.398744216,-19.99999696,-1.276833133,131.2068971,0.6875,0.833333333333333,0.6,"implicit","c2"
"5d5564512bf13d00014383ec",8.580041946,0.508168421,3.468357847,-19.9999997,8.813850366,120.5866217,0.9375,1,0.909090909090909,"implicit","c1"
"5d5af833f35ed70001e17a5c",7.053733918,0.119503151,-9.999997916,2.896162463,-19.9999957,127.0693204,0.774193548387097,0.888888888888889,0.727272727272727,"implicit","c2"
"5d61a9afd989a40001236da5",14.01085789,0.110895067,-9.999998395,-19.99999942,-1.59783898,99.82650024,0.78125,0.666666666666667,0.85,"implicit","c1"
"5d6394518df2870001a74b42",14.99999975,0.177621826,-4.707597043,-8.486976261,9.403262366,115.5873408,0.258064516129032,0.333333333333333,0.210526315789474,"implicit","c1"
"5d7499693e40c60001081af3",-14.36923709,0.006279775,9.999919673,7.497035341,0.70702341,71.32997414,0.8125,0.928571428571429,0.722222222222222,"implicit","c2"
"5d8a29c082fec30001d9c24a",10.27658622,0.208619085,-1.630782827,-19.99999363,-9.170983388,120.4620955,0.53125,0.6,0.5,"implicit","c2"
"5d90298097a2130015f3fa3c",10.57740339,0.304448267,-9.99999914,7.784311604,19.99999933,129.4714184,0.5625,1,0.533333333333333,"implicit","c1"
"5d9373b0e04970001ab482da",14.99999984,0.212807108,-9.999999618,-4.741498643,-6.175472227,108.7476345,0.96875,1,0.95,"implicit","c2"
"5d94794a521f890016f93604",9.959115813,0.370433499,-3.66136623,-19.99999823,-2.326258307,114.6939264,0.75,0.666666666666667,0.8,"implicit","c1"
"5d964976b8040b001761467c",14.99999818,0.290492803,-7.610656469,0.411390251,-1.154923517,108.1290026,0.75,0.785714285714286,0.722222222222222,"implicit","c1"
"5d96eeed1998fb00177f6b71",0.464324858,0.758795499,-1.27273102,-2.108780475,3.94516189,106.5888675,0.67741935483871,0.666666666666667,0.6875,"implicit","c1"
"5d9a09095223b6001809f1c9",3.313005787,0.279326323,-1.972645628,-2.291055838,-0.737777512,101.0961228,0.4375,0.428571428571429,0.444444444444444,"implicit","c2"
"5d9ae3ff9d2a700014869bcb",2.863519379,9.97153277,-0.781837842,-5.124809144,-1.337595333,104.7949013,0.5625,0.5,0.590909090909091,"implicit","c2"
"5da689dc1ce19b0016500435",6.996983549,9.996777167,-7.820090247,8.01843717,7.649684795,99.29606069,0.419354838709677,0.461538461538462,0.388888888888889,"implicit","c2"
"5da91247b601ff0012baa8b1",-14.89656715,0.009924612,-4.832984681,-10.2278677,-2.667887109,133.0145946,0.548387096774194,0.5,0.6,"implicit","c2"
"5dae25fc2e361800135fbd02",14.99989198,0.449779988,-8.249133674,-19.99980376,-16.81425691,119.3677524,0.75,0.666666666666667,0.8,"implicit","c1"
"5db0a97f127d4000117cdfa0",14.99999406,0.17429979,-3.475106532,-13.70487044,-6.802666536,116.6161515,0.5,0.5,0.5,"implicit","c2"
"5dbe3345a262de347e900665",14.99999454,0.531047856,-6.326603363,-19.99998929,-2.127232448,119.1455562,0.875,0.857142857142857,0.888888888888889,"implicit","c2"
"5dbee94de0a6e839b5a23898",14.99988541,0.043214835,-6.131483654,-15.97647719,17.66099689,120.3183946,0.548387096774194,0.625,0.521739130434783,"implicit","c1"
"5dc1a56a648927000be0fca7",-14.99999014,0.093792532,0.894380896,2.830877433,19.99995387,128.9895769,0.875,0.833333333333333,0.928571428571429,"implicit","c2"
"5dc37cc0380a67285572a9b3",-14.9999948,0.864669503,-4.581954135,9.561456953,-13.43498071,117.3665607,0.625,0.6,0.611111111111111,"implicit","c1"
"5dcca657854936945d68eaa9",8.068460075,9.9974938,-7.924274542,19.99999456,-16.47061477,112.9820764,0.90625,1,0.954545454545455,"implicit","c1"
"5dce29700ad506063969a4a5",-0.212310063,1.936224333,-8.331554693,19.99999936,0.010419864,110.7633844,0.625,0.571428571428571,0.666666666666667,"implicit","c2"
"5dd14dd31e70da1d0ee5bab8",6.992679025,9.99019584,-6.732331815,19.99999948,-0.450520902,101.8140544,0.625,0.833333333333333,0.576923076923077,"implicit","c1"
"5dd1843cfd5b281f1e24d5c5",10.86623769,0.119328603,-9.999998444,-6.55047367,-11.50435796,124.3927794,0.71875,0.5,0.75,"implicit","c2"
"5dd1964987c1fd2082c4d88e",9.370989317,0.490201938,-4.810821297,-19.99999071,-19.99997801,126.0692127,0.40625,0.6,0.318181818181818,"implicit","c2"
"5dd30f79a9ead0313a9680a0",14.99999976,1.114637127,-9.999999658,-2.342941836,19.99999762,125.4804995,0.71875,NA,0.71875,"implicit","c1"
"5dd3699ee73e6136c640f1cf",11.28498387,0.320335663,-8.764843292,19.9999998,6.760789344,111.0694188,0.6875,0.625,0.75,"implicit","c1"
"5dd3bdc79dac7c3a80032939",6.840407036,1.067320459,-3.680685159,-5.825545538,-8.741578937,122.9529819,0.59375,0.7,0.545454545454545,"implicit","c2"
"5dd3dd554b0e0c3bc81c5464",14.99999975,0.936760347,-9.999999663,3.298394653,14.70956906,120.0658325,0.733333333333333,0.666666666666667,0.740740740740741,"implicit","c1"
"5dd3eaabfef7c23d3f95d252",4.358698712,9.999201229,-9.999999091,13.32478717,-12.89422203,113.3168419,0.78125,0.8,0.772727272727273,"implicit","c2"
"5dd40277e08a363e4e006384",7.169840734,0.559457351,-9.999998337,6.895485388,-19.99999921,130.4900883,0.625,0.75,0.607142857142857,"implicit","c2"
"5dd597c897405455982d1b0c",2.172823226,0.544278014,-9.999998764,19.7223738,-10.8918375,126.2634549,0.46875,0.7,0.363636363636364,"implicit","c2"
"5dd9f0e719eecb97dfab7b48",7.83888185,0.455218666,-9.095910807,18.86796223,-19.99999949,105.6380139,0.75,0.875,0.625,"implicit","c1"
"5ddd5178672927000db38950",-14.99968597,2.512279182,-4.41621201,14.52602362,19.99999973,123.2891625,0.875,0.888888888888889,0.857142857142857,"implicit","c1"
"5ddecf14d3ac2affdc8df54c",2.933578809,0.071366354,-9.999999799,19.99999947,-8.288470126,116.5738833,0.75,0.833333333333333,0.730769230769231,"implicit","c2"
"5ddf08afcb9dd6e746231429",12.51782995,0.81763959,-3.441138959,-11.03016581,-18.96004026,110.8236767,0.65625,0.5,0.727272727272727,"implicit","c2"
"5de10a767292b61529705ead",13.4635014,9.999981946,-0.819236747,-1.39275822,-0.172173262,101.8224681,0.67741935483871,0.75,0.631578947368421,"implicit","c1"
"5de6bcd545971063d3ff95db",10.65949411,0.417198488,-9.999999716,2.667329146,-12.32920677,122.3198112,0.75,0.916666666666667,0.65,"implicit","c2"
"5dea76e109c1071948aed0ff",14.99995413,0.863354537,0.597625889,-19.99999406,0.064881913,113.50125,0.75,0.785714285714286,0.722222222222222,"implicit","c1"
"5df0eb850042e812ca51313a",14.9999959,1.691519516,-1.880739322,-19.99999922,-19.99999855,121.7781794,0.90625,0.666666666666667,0.961538461538462,"implicit","c1"
"5df81cd72713055bdf02efd8",13.35546194,0.376421773,-9.999997412,16.21198505,-0.872052583,101.9623875,0.741935483870968,0.705882352941177,0.785714285714286,"implicit","c1"
"5e07d174da6bad1342bafab2",0.387292247,1.633208569,3.088093033,-19.9999998,-1.206597953,119.2293795,0.903225806451613,1,0.842105263157895,"implicit","c2"
"5e0b37d379f2fa37a35161c1",8.374793811,0.246709074,-9.999984489,6.231606574,-6.993913102,100.9858994,0.84375,0.75,0.9,"implicit","c2"
"5e0f4b635777b565e67bc0e4",6.980645869,0.125013186,-9.999997967,19.99989,0.364610507,108.4129163,0.6875,0.75,0.625,"implicit","c1"
"5e15ca7bf6191fbb43eef1f1",4.51218749,8.121399141,-9.999999762,6.811445544,19.99999758,124.6493301,0.741935483870968,0.733333333333333,0.75,"implicit","c2"
"5e164581049d60000e851982",-8.596209428,0.044955645,8.52717965,-14.99776023,3.173947034,125.5044762,0.875,0.9375,0.8125,"implicit","c2"
"5e1fa60088eb2e2d97c4a4a7",14.99997033,0.706514916,-9.999998718,19.99995461,0.765947153,100.8096408,0.65625,0.642857142857143,0.666666666666667,"implicit","c1"
"5e2784b2cf46ff9ab1191cc9",1.575432902,9.997138044,3.393212178,-19.99996591,-1.565130866,107.6066645,0.90625,0.916666666666667,0.9,"implicit","c2"
"5e27868c5cbbcc0b3599574b",3.303986603,9.982441953,-8.023780867,6.476200665,19.99999913,118.5674667,0.483870967741935,0.5,0.529411764705882,"implicit","c2"
"5e29dc4721a5f20481c70274",-9.244506902,2.814293918,2.896841538,-19.9999991,-9.599516305,110.2293688,0.59375,0.571428571428571,0.611111111111111,"implicit","c1"
"5e3040a2d1a553000cc9147b",7.402885004,0.435174721,-9.999999646,19.99999825,-1.350564858,124.1432046,0.5625,0.7,0.5,"implicit","c2"
"5e335595bac1953243a29c68",0.933712615,0.254653075,-6.491507293,19.99999529,1.560683913,111.7831435,0.875,0.9,0.863636363636364,"implicit","c1"
"5e39678321d60316406c3723",-14.99999835,0.747534778,3.744579639,-19.99999962,1.377689114,123.2946252,0.5,0.5,0.5,"implicit","c1"
"5e39d872793a082024d9cf18",14.9996411,9.999910212,-6.69089131,18.99345898,7.186420411,100.2274333,0.25,0.277777777777778,0.214285714285714,"implicit","c1"
"5e3c79de24984505f37d3903",7.454583669,0.581547898,1.005027302,-19.99999933,2.723250641,103.164091,0.5,0.4375,0.571428571428571,"implicit","c2"
"5e46d70ab1f1c5000d96800d",-14.99999849,0.538011574,-2.309730775,0.457663149,-6.70017548,106.7458084,0.5625,0.444444444444444,0.714285714285714,"implicit","c2"
"5e479e7a97adc82507cc64bd",12.34000181,0.087023835,-9.999999422,-3.981000813,-5.31808485,117.1385343,0.59375,0.75,0.541666666666667,"implicit","c2"
"5e4a833ea1b43a000cecd75b",-14.99994396,0.09831849,4.973898381,-5.508989559,19.99996361,112.7686282,0.6875,0.75,0.642857142857143,"implicit","c1"
"5e4aa3729d301e000cf8ced9",-14.99999256,1.216750528,-0.900318144,-19.99999885,-19.99997493,122.7293273,0.8125,0.8125,0.8125,"implicit","c1"
"5e55f0d2d6420c5ffa20a2b5",8.511421533,0.378642853,-0.734612107,-19.99999584,5.031051664,110.1588359,0.6875,0.75,0.65,"implicit","c1"
"5e7307087f94ce260c6076f2",14.6247726,9.998617602,2.222152447,-19.99999619,-12.35064172,123.9344935,0.5,0.625,0.458333333333333,"implicit","c1"
"5e781af820ab3539e4f2b723",12.41530222,0.045799739,-9.999750849,-19.99997488,-19.99612293,134.7565861,0.870967741935484,1,0.764705882352941,"implicit","c2"
"5e7a6846f0f631000a4e2b9d",-14.99996702,0.131895437,-4.017594423,19.7763224,-19.99810965,120.5649317,0.4375,0.428571428571429,0.444444444444444,"implicit","c1"
"5e7f514bb18cb4000a68310d",6.627047652,0.138152228,-9.999990634,8.699778816,-1.048246481,124.5358668,0.75,0.583333333333333,0.85,"implicit","c2"
"5e88e9f57a40f5577f4fe75f",-5.356258853,2.441356748,-6.804103371,19.99999883,-3.886536233,123.9840214,0.806451612903226,0.777777777777778,0.818181818181818,"implicit","c2"
"5e935ec0ba38620009a3b0d8",14.99999331,1.218044162,0.99654127,-19.50167258,-2.245288789,116.125224,0.375,0.363636363636364,0.4,"implicit","c1"
"5e97a2d74cb72e263342ecc9",-4.461521853,6.82e-08,5.980136409,-15.18805419,19.99995976,130.8658818,0.71875,0.875,0.666666666666667,"implicit","c1"
"5e98bc8a81343c0c36dc33ff",14.99998678,8.909108557,-5.810597008,-19.99966691,3.684758898,144.6398588,0.5625,0.642857142857143,0.5,"implicit","c1"
"5e9c62f901f636000aa1a3cc",2.895563956,0.564897109,-0.04665457,-19.99999973,-10.28380306,117.9772485,0.75,0.5,0.807692307692308,"implicit","c1"
"5e9f60dd9d60ec0f754485d7",-6.649095635,0.026629622,9.999996019,-19.99999945,-3.461807702,118.0334863,0.90625,0.916666666666667,0.9,"implicit","c2"
"5e9f70a9eec34b1108c84413",14.9999876,0.125747697,-8.203170582,-19.9999929,-7.80222671,134.0083448,0.78125,0.7,0.916666666666667,"implicit","c2"
"5ea060b71ce81301340a6b64",-14.9998884,4.383794425,-5.637864279,14.49622956,-1.898627924,113.6639262,0.90625,0.916666666666667,0.9,"implicit","c2"
"5ea08654ea87f206588b6b50",7.056038871,1.2975735,-9.999986764,11.55442844,-19.99996883,140.1780961,0.875,0.9,0.863636363636364,"implicit","c2"
"5ea9704edf73440535b5e34d",10.63999939,6.890065306,-9.999999862,19.99999963,6.170486223,103.5459564,0.5625,0.428571428571429,0.666666666666667,"implicit","c2"
"5eaa26c17c3cbc1ae4881baa",-2.186560941,1.714267776,3.122499642,-19.99999556,0.839183656,116.9155194,0.9375,0.857142857142857,1,"implicit","c1"
"5eb29a3db97d6b0008d24a1a",14.99999949,1.42780295,-3.709931194,7.296587534,-2.774452467,95.81960677,0.625,0.5625,0.6875,"implicit","c1"
"5eb339ee6290bc124b8549a6",8.62365678,0.420501663,-2.871112383,-19.99999045,-19.99995117,135.0442116,0.78125,0.583333333333333,0.9,"implicit","c2"
"5ebe0fffe718fe000b474854",14.91664743,9.999129331,-5.632320138,19.99999924,6.258628345,124.4883675,0.90625,1,0.863636363636364,"implicit","c1"
"5ebedc3f1255ce0db7a5123d",6.250894537,1.537217497,-9.999999941,17.45965559,-14.05428222,131.8589285,0.5625,0.7,0.5,"implicit","c2"
"5ec2d170001bca0df932123b",-14.99999853,1.682175782,2.560112631,-11.67083131,11.70820956,128.3482377,0.6875,0.9,0.590909090909091,"implicit","c1"
"5ec56961be9f1b54017d02f2",-14.99996845,1.171290405,-2.814432447,2.761656262,-2.503986569,121.583545,0.75,0.583333333333333,0.85,"implicit","c2"
"5ec6e90e17fbef11b05ca601",3.304551508,2.331958143,-1.692246303,0.251121214,-0.637748843,107.1266469,0.8125,0.833333333333333,0.785714285714286,"implicit","c2"
"5eccfd5e040498000acbab5c",14.99999967,1.507144798,-4.899290392,5.483368345,19.99999984,107.9959913,1,1,1,"implicit","c1"
"5ecff6d39272d90a02a6131f",8.438394506,0.09347091,-9.999999609,3.42945209,-5.212872951,98.96941154,0.84375,0.75,0.9375,"implicit","c2"
"5ed062703c9248144a334cb4",14.99999966,0.173086436,-7.368710121,-19.99999915,19.9999997,129.7426816,0.65625,NA,0.65625,"implicit","c1"
"5ed1443918f6bd07449d88a5",12.5895197,9.958374351,-9.999997844,-3.017773589,-19.99999432,133.8955347,0.84375,1,0.857142857142857,"implicit","c2"
"5ed29b1e45e0e32085302ab3",9.616966915,0.05330401,-9.999990291,1.411834299,1.917117945,109.0335907,0.65625,0.555555555555556,0.785714285714286,"implicit","c2"
"5ed2f70cae98302901c31d4f",12.81559607,0.024822882,-9.999731115,-19.99998604,5.424790533,118.0396505,0.875,0.833333333333333,0.884615384615385,"implicit","c1"
"5ed408c6d5144e085de4b999",13.54669127,0.275185244,-2.880072504,-19.99999346,-6.95678109,139.2737917,0.741935483870968,0.583333333333333,0.842105263157895,"implicit","c2"
"5ed6f0662fb6181721604c87",9.779984152,0.014292678,-9.999841612,0.683257412,-1.044235081,111.1184415,0.875,0.928571428571429,0.833333333333333,"implicit","c1"
"5edabd929d0c9370d88ed85a",9.694294773,0.956799324,-7.298932728,19.99999903,9.125065689,100.8637969,0.5,0.571428571428571,0.444444444444444,"implicit","c1"
"5edae6ec1a69d47606c15969",5.897590275,9.999223108,-9.999999962,15.06787712,-10.1760408,121.9356696,0.6875,0.5,0.730769230769231,"implicit","c2"
"5ede3d2ef7c9f9068776c4d2",14.99982662,2.646957072,-3.755273714,1.545207261,-19.99999903,116.4524049,0.78125,0.863636363636364,0.6,"implicit","c1"
"5ee77276fd87c8040d49aad0",9.459267007,0.106674409,-9.999995201,5.812827794,-11.57686558,86.82542008,0.53125,0.666666666666667,0.45,"implicit","c1"
"5ee8a76e68875f1ba06aadf2",1.44556711,9.999122219,-2.057869938,1.661690921,-1.828313076,121.2914006,0.59375,0.625,0.583333333333333,"implicit","c2"
"5ee95a4c2a64f72f5d95a2fc",5.668310556,0.445099525,1.448395756,-19.99999656,13.78623058,106.0644167,0.935483870967742,0.928571428571429,0.941176470588235,"implicit","c1"
"5eeb71ab2ae00c2df8959a3f",11.82732219,0.056814953,-9.999987231,-14.76986187,19.99999618,122.1492575,0.625,0.583333333333333,0.65,"implicit","c1"
"5eed4da5706fdd169557315b",9.558331789,0.42917344,-2.23989614,-10.02182912,-14.19809983,103.880426,0.65625,0.65,0.666666666666667,"implicit","c1"
"5eefa601e2550709b46a3dff",-12.17047877,0.026937468,-7.816127331,-2.058295367,-5.68684506,137.6285047,0.8125,0.8125,0.8125,"implicit","c2"
"5ef19d99454675561e3fc9bb",-9.318257815,0.07560949,9.999988818,-17.47371913,11.77029633,125.0865274,0.9375,0.833333333333333,0.961538461538462,"implicit","c1"
"5ef5f905c9f45407829372ab",-14.99998607,0.148567048,-6.378721662,19.99999104,9.512076913,125.3992167,0.8125,0.8125,0.8125,"implicit","c2"
"5ef764821269f404a08607d7",-14.11747127,8.356275834,0.591009313,-5.388861208,0.687364936,118.555065,0.90625,0.916666666666667,0.9,"implicit","c2"
"5ef85dea50dc6b5a707c9b2e",11.60610851,0.14778927,-9.99906284,-19.99733161,-19.99986242,131.5221619,0.6875,0.785714285714286,0.611111111111111,"implicit","c1"
"5efbbac9041ae7163c083d36",10.90301846,9.999934341,0.503923364,-2.869910995,3.0098343,112.6356847,0.8125,1,0.769230769230769,"implicit","c1"
"5efbd589ceb6b9190882911d",-14.99997794,0.207381626,-4.524691222,19.99999779,19.99999585,123.2936254,0.4375,0.2,0.545454545454545,"implicit","c1"
"5efcc4c2df2a840acee97095",-14.90212944,9.927994814,3.794611366,-19.99999366,12.11476071,118.539587,0.9375,0.875,0.958333333333333,"implicit","c1"
"5f0486b80eddd36f9bd81f5b",12.42404094,0.017821445,-9.997980222,-19.99996458,-19.9999459,118.9705925,0.6875,0.666666666666667,0.714285714285714,"implicit","c1"
"5f07070d75038e05e9fcf515",-14.99994463,0.03699223,4.184818439,14.44765703,-7.348631282,130.2471863,0.84375,0.833333333333333,0.85,"implicit","c2"
"5f070947ea1cc729b610c462",7.714788763,0.055172875,-6.854381163,-3.532928815,-10.41130225,94.2178305,0.78125,0.6875,0.875,"implicit","c1"
"5f08891e392f740a659bbc7d",14.9999627,0.200282075,-7.428275262,-4.871848152,-6.707284012,118.2725567,0.875,0.833333333333333,0.928571428571429,"implicit","c1"
"5f0b33e16edeb5429793f878",14.99963787,9.97680893,-9.999921794,19.99999858,13.97615028,98.64809013,0.59375,0.611111111111111,0.571428571428571,"implicit","c1"
"5f0bb5abd738c94e33ac29f9",12.5411453,4.776846221,-9.997599205,-19.99999758,19.99999236,121.0965409,0.75,0.857142857142857,0.666666666666667,"implicit","c1"
"5f0bcb67acb8844f8a226f2b",14.99999799,0.534554652,-9.999974156,-8.404685923,5.74521168,114.7126124,0.75,0.833333333333333,0.7,"implicit","c2"
"5f0c98239c6dab0fadfee6de",-14.99999177,0.118568145,6.558116288,-19.99994225,-19.99995462,118.6357696,0.84375,0.833333333333333,0.857142857142857,"implicit","c1"
"5f0d7fcf5a4c020184e1cc1d",3.219445727,0.553053167,-8.038557171,19.99999964,-9.58021424,126.1527514,0.46875,0.428571428571429,0.5,"implicit","c1"
"5f111456d672e8471ca03f46",14.99689606,5.441940814,-9.447874221,-19.99970451,19.99908768,145.2930016,0.65625,0.714285714285714,0.611111111111111,"implicit","c2"
"5f1201f1c1ac1410a8f39a21",6.539155972,0.587122575,-9.99999904,7.697466987,-2.363363225,132.5070318,0.75,0.777777777777778,0.714285714285714,"implicit","c2"
"5f14cc91fe732f56204b3e6e",14.57154008,0.05457926,-9.999988578,-9.944660019,-6.555185188,120.3019239,0.84375,0.777777777777778,0.928571428571429,"implicit","c2"
"5f179bd584e8e802ef9c187d",-11.96105746,9.999228705,-7.373637931,19.99999954,-11.40656309,98.66731011,0.40625,0.3,0.454545454545455,"implicit","c1"
"5f1916d22d8f9c162048c82b",6.048045267,1.318881323,-0.668881861,-18.22187588,-19.99999039,118.6300963,0.71875,0.916666666666667,0.6,"implicit","c1"
"5f194b89b77f931b785bd0e8",14.9999745,2.98896413,-4.557332118,6.378697133,19.99999965,117.1192242,0.8125,0.833333333333333,0.8,"implicit","c1"
"5f195ead0ccbf2018572a26f",2.273327982,9.999519775,-6.642437348,16.46567606,0.848762042,95.71321797,0.53125,0.5,0.571428571428571,"implicit","c1"
"5f1b22b1a109202c16c702b1",14.99999798,0.983195983,-7.835424549,14.39970618,19.99999928,120.6703247,0.71875,0.75,0.666666666666667,"implicit","c1"
"5f1cc717981bb7584655fe62",-14.99999401,0.878422258,1.065158038,-19.99999877,-19.99997996,126.1078545,0.875,1,0.833333333333333,"implicit","c2"
"5f1d05058dd4da5fa6a8532f",1.676582674,4.438316495,-1.313342282,-1.249786328,-0.024435586,102.8615683,0.65625,0.6875,0.625,"implicit","c2"
"5f1ebc3a7d0a490143b9d827",2.553476323,9.988690766,-0.206043274,-19.99998028,-11.27824789,119.6140268,0.96875,0.928571428571429,1,"implicit","c2"
"5f202fb60bd98f087818ea51",7.832369054,0.155126358,1.583062422,-19.9999999,0.719550692,102.8238831,0.741935483870968,0.8125,0.666666666666667,"implicit","c2"
"5f205a02f5d0c231941936a7",-6.650126502,1.381270568,-8.821073615,19.99999962,4.164687528,119.8504591,0.5625,0.357142857142857,0.722222222222222,"implicit","c2"
"5f21d57a48386f1550a2e7c2",5.01298537,0.133086229,-9.999998179,4.20486961,-19.99999369,126.248601,0.71875,0.857142857142857,0.611111111111111,"implicit","c2"
"5f236f2929bafd1350aaacfa",3.94014591,0.38130892,-5.316500092,5.624435964,-19.99999967,121.3250027,0.612903225806452,0.588235294117647,0.642857142857143,"implicit","c1"
"5f28ea283ea4b727f989ead2",-14.99998879,0.349334921,-1.733344895,2.172087722,-19.99999864,121.37181,0.625,0.642857142857143,0.611111111111111,"implicit","c2"
"5f296d406b6c5204f705e10c",2.401311568,0.617148398,-9.999999604,12.70004441,-19.99998634,122.0769362,0.75,0.666666666666667,0.8,"implicit","c2"
"5f2d5b526afbc72de3b560a1",-11.34649023,0.043538438,-8.943282463,-12.01399896,6.455530962,121.2840398,0.625,0.5,0.722222222222222,"implicit","c1"
"5f2eebd9d21e322a9ed68f09",10.09485252,0.018760662,-9.999888345,-1.060435013,-1.518046579,108.8169799,0.71875,0.666666666666667,0.75,"implicit","c1"
"5f2f8574ff256b37b1970220",-14.23897071,9.994326888,-9.999996833,18.32658051,5.747081524,128.4877752,0.75,0.928571428571429,0.611111111111111,"implicit","c2"
"5f2fe5ce2d7fa53dec6ed6fa",-14.99999927,0.58745122,-6.137380497,19.99999964,6.654413913,122.6432808,0.6875,0.727272727272727,0.6,"implicit","c1"
"5f32b358c70f5001e1225ba2",2.384724439,9.754938173,-4.849795302,7.21597005,-5.172238136,124.441567,0.78125,0.833333333333333,0.75,"implicit","c2"
"5f387258d064d639fb777862",9.85406926,0.059366138,-9.999917338,1.236004969,-0.78821607,101.0460813,0.78125,0.75,0.8,"implicit","c2"
"5f3942128d13b606ce344098",-14.99998203,0.107163046,5.002217049,-12.73010487,-19.99995993,114.7754218,0.6875,0.916666666666667,0.611111111111111,"implicit","c1"
"5f3a99865242340d71f85620",9.971233592,0.654132284,-3.135413316,-7.630783697,-11.42979179,95.71915565,0.75,0.9375,0.5625,"implicit","c1"
"5f3ac1732efa0a74f975b1a8",-12.5702227,8.518160798,-7.797025083,19.99999148,-19.99997204,125.9796138,0.65625,0.857142857142857,0.5,"implicit","c1"
"5f3c2f8a1d3b6ca66043d696",-14.99999567,0.116260848,5.944236051,-16.12875253,19.99999205,136.999638,0.125,0.142857142857143,0.111111111111111,"implicit","c2"
"5f3e7675cb479c0868ac23f8",-14.99987504,0.098080883,3.14356897,-1.813249703,-19.99992717,133.8108175,0.5625,0.571428571428571,0.555555555555556,"implicit","c2"
"5f3f184dd347dc20db152423",-14.99992733,0.028505074,4.251196556,19.99998879,-19.99998745,127.5334833,0.689655172413793,0.714285714285714,0.666666666666667,"implicit","c2"
"5f40a94bf6a9ae1fbb69f6f3",-14.99971487,0.015122214,4.267459587,19.99999143,-2.301832025,123.8105536,0.71875,0.833333333333333,0.692307692307692,"implicit","c2"
"5f40d7725ebd80225dfb2dc1",-2.724284122,0.241496308,0.530664096,-9.56104413,19.99999896,119.1904918,0.84375,0.944444444444444,0.714285714285714,"implicit","c2"
"5f4183ee48465a339d3dc81d",5.658490828,0.301533866,-2.316840445,-19.83905935,-19.99999705,131.8090932,0.71875,0.916666666666667,0.6,"implicit","c2"
"5f4330176b31f21a42eaefe1",14.99999865,0.104508008,-7.149807339,-16.80841002,-8.281410575,114.9978649,0.5625,0.833333333333333,0.4,"implicit","c2"
"5f43abed648699000c78dd82",3.259409841,0.108892112,-9.999850653,19.99998151,1.572685453,121.1337511,0.75,0.571428571428571,0.888888888888889,"implicit","c1"
"5f4463ec3507df2078c46691",-14.99998169,1.057477644,5.779498029,-19.99999898,1.341078893,137.8031163,0.875,0.8,0.909090909090909,"implicit","c2"
"5f4477069d97177c7165638e",1.868015105,9.996188292,-5.725354389,10.14521731,-1.98440698,113.1520682,0.9375,1,0.928571428571429,"implicit","c2"
"5f44c445cfb0a801244f652f",-14.99999903,1.169526659,5.645813056,-19.99999945,0.810141615,120.6045796,0.84375,0.7,0.909090909090909,"implicit","c1"
"5f451d0cf9eb1f086713d9c1",-9.289516504,9.994198444,-0.502732262,-19.99995199,-19.99959397,134.7005465,0.733333333333333,0.722222222222222,0.75,"implicit","c1"
"5f454022e7096f0e39b54670",-8.558510071,0.050403882,-9.351109285,-11.1995773,-4.07773254,143.5244752,0.625,0.642857142857143,0.611111111111111,"implicit","c2"
"5f46b13c9603e305ad51dc7f",7.815822481,1.399670305,-5.474194484,19.99999818,0.101854002,116.0076034,0.612903225806452,0.666666666666667,0.578947368421053,"implicit","c1"
"5f46cc6695b81809186326fe",11.65981292,9.102272927,-9.999727523,-19.99765957,19.9999995,121.5564395,0.71875,0.75,0.6875,"implicit","c1"
"5f4813a415aeaf176f8ea88d",14.58382782,8.809729211,-9.99928194,-19.98347799,-3.972444399,110.8010448,0.75,0.8,0.727272727272727,"implicit","c1"
"5f483a1fc209342e6f419be4",6.534044729,9.998041668,-2.024482075,-19.99999894,-19.99999597,128.4044045,0.75,0.6875,0.8125,"implicit","c2"
"5f491a5aa2a3082e99e642cc",-14.99999074,3.007562885,0.002285951,-4.513851383,-3.012747908,117.2353937,0.75,0.777777777777778,0.714285714285714,"implicit","c1"
"5f498056c185c24f7160517e",-14.99999806,0.197906628,3.004738786,-3.642512974,-1.386552357,126.2992995,0.75,0.714285714285714,0.777777777777778,"implicit","c2"
"5f4b1d3ecb08016e17e44e17",10.82343515,0.29193561,-9.998824341,-19.99951545,-19.99992529,126.1963139,0.40625,0.5,0.375,"implicit","c1"
"5f4b41fcc53d3670deab401a",14.99999978,0.617832579,-6.836165352,19.99999767,-6.928595965,112.9069411,0.75,0.833333333333333,0.7,"implicit","c1"
"5f4ba8e31d9c4675debecb8d",-14.99998711,0.541341695,-9.356384401,19.51802915,-4.003921505,127.5948376,0.8125,0.777777777777778,0.857142857142857,"implicit","c2"
"5f4bdc989ed8777ca5c963b3",-14.99961617,0.017145913,4.267338298,19.9999949,-1.74058174,118.0546526,0.6875,0.785714285714286,0.611111111111111,"implicit","c2"
"5f4c22c2ab3af81227a03aa4",5.868660921,0.028578958,-9.999991065,13.38790594,19.99999871,114.6684968,0.84375,0.75,0.884615384615385,"implicit","c1"
"5f4cadf644b0818bc3527742",9.712773161,0.028442079,-9.99992439,-0.866009553,-1.892591513,129.9717841,0.625,0.6875,0.5625,"implicit","c2"
"5f4d07b4fae27694de8f5af1",14.99999054,1.542147788,2.571310146,-16.20114065,-19.99999954,122.9124864,0.84375,0.722222222222222,1,"implicit","c1"
"5f4d2b4f0bee2410475399c7",-8.197562514,9.999680516,0.737368196,-8.350974211,-8.164497765,120.6179254,0.53125,0.416666666666667,0.6,"implicit","c1"
"5f4d95a0636f06a74a723608",-14.89951659,0.082767069,-9.471424459,-19.94590412,3.564359977,122.4133057,0.78125,0.722222222222222,0.857142857142857,"implicit","c2"
"5f4e50590bf655000c944e16",2.694244979,9.999336126,1.030439039,-19.99999855,9.930212602,102.6205878,0.806451612903226,0.8125,0.8,"implicit","c1"
"5f4e6570350d2a03a62b04ad",11.8863272,0.10467692,-9.999976316,-19.99999509,19.99999443,123.9166323,0.516129032258065,0.529411764705882,0.5,"implicit","c2"
"5f4f992549b178067cf324e6",10.50147351,1.262868068,-9.999999735,9.871757763,19.99999955,123.9032718,0.65625,0.8,0.590909090909091,"implicit","c1"
"5f4faaa571ef8408ff74c288",-14.99999959,0.109471781,-6.584584601,19.9999857,-4.468062855,126.0470048,0.9375,0.875,1,"implicit","c2"
"5f4fc32d2441210c37877f18",14.99998906,2.23122355,-3.579987324,4.735488822,-3.788898597,120.1384205,0.75,0.625,0.875,"implicit","c2"
"5f5019c52a87ef18955943ea",14.99999108,0.12163386,-6.327898555,-19.99999092,-3.406024055,111.4264203,0.5625,0.714285714285714,0.444444444444444,"implicit","c1"
"5f50468c0868af1baaec306c",6.460939717,0.06779614,-9.999995858,19.99999533,9.624936367,102.6016922,0.612903225806452,0.583333333333333,0.631578947368421,"implicit","c1"
"5f50971f1f546c20b53d26c4",-12.75968836,0.019247748,9.990645426,-10.18121544,-19.9999904,133.4177318,0.935483870967742,0.888888888888889,0.954545454545455,"implicit","c2"
"5f50aeae3f09db22047804d9",-14.99995683,0.670507725,1.298690304,-19.9999975,19.99998922,122.8144171,0.78125,0.8,0.75,"implicit","c2"
"5f50d630390521264e606772",12.31533863,9.99101169,-3.348296236,-19.9999712,19.99997212,105.4156232,0.53125,0.555555555555556,0.5,"implicit","c1"
"5f5101121f546c2b644e41b0",1.056806673,0.951997411,1.926210184,-18.19473434,0.683301069,117.0632458,0.8125,1,0.727272727272727,"implicit","c1"
"5f51587f36e91f38fbf34c23",-14.9999934,0.111733481,0.80356548,12.53268748,14.89958688,123.0907952,0.774193548387097,1,0.666666666666667,"implicit","c1"
"5f528db73f17ae5606005f6c",-12.69611,0.02449768,9.999974617,2.795744644,0.643232363,122.8951502,0.875,0.8125,0.9375,"implicit","c2"
"5f53ffa9a0830d765571ef78",12.22728143,1.809012298,-6.858502128,-11.95237267,19.99999864,110.2214375,0.75,0.833333333333333,0.7,"implicit","c2"
"5f5415abe10630780cb30e3a",-14.99999875,0.545402698,-0.566135031,-1.454792046,10.45461959,112.3628278,0.6875,0.583333333333333,0.75,"implicit","c1"
"5f563604c10c9401bb8fb740",-14.1763618,9.990975011,1.691125131,-19.99999897,19.99999845,115.6959909,0.419354838709677,0.375,0.434782608695652,"implicit","c1"
"5f564156bc177503366290ed",14.99998709,0.058618802,-9.628001761,-19.99999793,-8.841101975,120.6585264,0.78125,0.833333333333333,0.714285714285714,"implicit","c1"
"5f564ebd9208010453abcb23",-14.9999964,0.446424621,-1.739119834,2.915886481,5.090408525,129.2492518,0.84375,0.833333333333333,0.833333333333333,"implicit","c2"
"5f588bf925314d3f9e99b988",-14.99999851,0.114503634,-6.965418679,19.99999275,-19.99999431,128.8495391,0.78125,1,0.65,"implicit","c2"
"5f58a1a14825fd011981fe97",14.99920911,0.381835062,-9.610365231,-19.99996653,5.113283822,113.1660931,0.875,0.857142857142857,1,"implicit","c1"
"5f58b133082c5b033d0305c2",5.199838204,0.410121004,-9.999999676,6.562227103,19.99999845,117.8622758,0.78125,0.8125,0.785714285714286,"implicit","c2"
"5f58e183dde6c808fc8027d4",13.3316482,0.013803293,-9.99992158,-19.99999782,8.561362068,128.9583812,0.53125,0.7,0.454545454545455,"implicit","c1"
"5f591c456ff70210cd996f91",13.28835461,0.022046823,-9.998855089,-19.99999703,4.133979062,112.9340705,0.875,0.85,0.916666666666667,"implicit","c2"
"5f5926557e7ef112f3f1092a",14.99998916,9.957032793,-8.449518518,-19.99999953,-19.99999311,135.2047562,0.758620689655172,0.8,0.736842105263158,"implicit","c2"
"5f5a11c96cb36105eb12ea19",6.695359752,0.161725336,-9.9999916,4.409324767,-19.99999578,137.4118481,0.8125,0.625,1,"implicit","c2"
"5f5a1b168b72aa0678d150a2",9.471868058,0.189622874,-9.99998845,2.337978379,19.99999603,101.2539722,0.625,0.9,0.5,"implicit","c1"
"5f5b44d054801724bc971d50",4.794375312,0.239748906,0.108926996,-19.99999284,19.9999926,108.6754468,0.75,0.772727272727273,0.75,"implicit","c2"
"5f5ba24c66811130d94d6d4b",14.77757102,9.9989343,-3.609902341,19.99999972,10.81222927,118.5282871,0.90625,0.9375,0.875,"implicit","c1"
"5f5c869c40a26147adf93feb",-7.956851345,9.997209005,-7.2067508,7.640123852,-19.99999834,130.158941,0.625,0.75,0.55,"implicit","c2"
"5f5e32a0d6a12c6857b8e127",-14.58154424,9.972366694,-6.894333382,17.21321898,19.99999608,107.9634387,0.8125,0.857142857142857,0.777777777777778,"implicit","c1"
"5f5e9f1718746376c843da85",8.019480252,9.092930105,-5.678252217,-19.99999967,19.99999149,132.1763152,0.6875,0.785714285714286,0.611111111111111,"implicit","c2"
"5f5eefeb6681117c72434346",5.300672088,0.080496432,-9.999999675,19.99999989,-4.004581658,91.68836362,0.8125,0.666666666666667,0.9,"implicit","c1"
"5f5f5b349e4dd600097102f9",2.483700739,9.848084425,-0.743591007,-4.120455622,-0.646707861,115.6725078,0.75,0.8,0.727272727272727,"implicit","c2"
"5f5fb97269349a05419f2f70",6.375945956,0.091626675,-9.999994273,19.99999755,-9.372169339,120.8823774,0.8125,0.875,0.75,"implicit","c1"
"5f609c9b81727203d977a054",2.690719416,9.939947446,4.099961132,-19.99999677,4.996374508,120.0556218,0.8125,0.857142857142857,0.777777777777778,"implicit","c2"
"5f60babb8abd17015b31c9fa",4.812670194,0.347740338,-5.565203937,10.2802127,19.99999946,108.7295,0.59375,0.642857142857143,0.5625,"implicit","c1"
"5f613b71b55b6e0b88cffa23",-13.39568897,0.019821804,-9.21753056,9.326647278,-5.936213759,120.737746,0.8125,0.916666666666667,0.75,"implicit","c1"
"5f621effe45bc22013725bb3",3.264149673,0.462061825,0.750650211,-19.99999939,19.99999809,125.8335805,0.84375,0.916666666666667,0.8,"implicit","c1"
"5f6303c9c71cbc268785f3a9",-14.99999983,0.097736722,-2.053036796,19.99999207,19.99999962,117.4645924,0.6875,0.571428571428571,0.777777777777778,"implicit","c1"
"5f639d4cc3998c0b688f6e41",-6.887219758,9.989260846,-2.075448811,1.281209963,19.999999,116.8503235,0.78125,0.857142857142857,0.722222222222222,"implicit","c1"
"5f63a5459301b60c5597dfd1",-14.99999657,2.062537054,-2.977625895,4.160668568,-0.580026143,128.1706544,0.59375,0.5,0.75,"implicit","c2"
"5f64472faef9bf1cb8d6f35a",3.67267509,0.982358632,1.281289452,-19.9999997,19.99999986,117.6584005,0.78125,0.785714285714286,0.777777777777778,"implicit","c1"
"5f647fcd4e8ef821caefc1fb",14.99999974,0.309988563,-9.147133269,12.46788482,-1.593147188,113.938789,0.5625,0.555555555555556,0.571428571428571,"implicit","c1"
"5f653a8a5914b30b4d24c365",14.99999714,0.274822297,-2.826620107,-19.99998932,13.83270512,136.9055587,0.4375,0.5,0.423076923076923,"implicit","c1"
"5f6601a123696e18b3d15317",-14.99987,1.465253195,-8.315518486,19.9999876,19.9999753,138.7289516,0.71875,0.7,0.727272727272727,"implicit","c1"
"5f66ec66c3359c2e52427a0c",-12.2830738,9.994414288,2.77025658,-19.99999607,-0.620144801,137.2366238,0.5625,0.5,0.6,"implicit","c2"
"5f677b748c011837e12cba61",12.02820526,0.857106582,-2.670255395,-19.99999924,19.99999989,127.3548332,0.75,1,0.733333333333333,"implicit","c1"
"5f68d7993c3b4f06c25859eb",-14.99998926,3.103349159,1.04285609,-19.99999979,19.99999943,133.1294465,0.78125,0.857142857142857,0.722222222222222,"implicit","c1"
"5f68edc8ac55220981904e80",14.9999876,1.963413206,0.346140608,-6.778061572,-0.53315131,121.3689812,0.59375,0.625,0.5625,"implicit","c2"
"5f68f49a0790d509a8d9f7f9",-14.99994054,0.100950678,5.851411379,-19.99986595,-19.99989984,121.2803481,0.71875,0.833333333333333,0.611111111111111,"implicit","c2"
"5f68fd99e2943e0c5c398792",9.992852581,6.533344098,-9.987732306,-15.92964956,-18.10053462,129.6249142,0.580645161290323,0.588235294117647,0.583333333333333,"implicit","c2"
"5f69ca3d8553b6000a2715ff",-14.99999747,0.594713978,0.899788411,-5.946959612,19.99999983,124.3543792,0.78125,0.833333333333333,0.769230769230769,"implicit","c1"
"5f6b53dff3251a01b4a95dde",11.77236108,0.193069452,-9.99999939,3.633567011,-7.98476,124.6286256,0.84375,0.75,0.9,"implicit","c2"
"5f6b864088ffa80a6a0be161",6.040047806,9.996042021,2.153930564,-19.99999505,15.83935244,115.4619114,0.875,0.9375,0.8125,"implicit","c1"
"5f6be3e89f0c8c15bb59d13d",7.10571211,0.651522393,-9.999999705,15.53030011,-19.99999755,119.2008329,0.21875,0.166666666666667,0.25,"implicit","c1"
"5f6c102b6ec04317fc9a8127",-14.9999584,0.294665642,-2.740018848,1.956462822,19.99996957,131.1576513,0.9375,1,0.888888888888889,"implicit","c2"
"5f6f1cd4cd112047a7b7f453",10.03175132,0.418914568,-9.999995847,8.054378802,19.99999327,127.9759364,0.838709677419355,0.8,0.857142857142857,"implicit","c1"
"5f6f28ca6df91347f156ad9a",14.99993099,1.906213184,2.630428651,-19.99999126,-0.881185404,125.7619352,0.40625,0.5,0.333333333333333,"implicit","c2"
"5f6f56ee8641834cfbb0528e",-3.219482481,0.089307713,-0.133754378,5.686554289,2.858658561,108.6176329,0.75,0.714285714285714,0.777777777777778,"implicit","c1"
"5f6ffa63418e385cbb9c1547",-2.539605238,0.290263619,7.987899096,-19.99997715,9.512508973,124.9593081,0.625,0.5625,0.6875,"implicit","c1"
"5f71700e3d36b17a67b49786",4.737597448,9.998461818,-4.75212902,-0.812879176,-4.901482092,114.7968717,0.8125,0.833333333333333,0.785714285714286,"implicit","c2"
"5f7197fef298597c841d9ea7",3.49956877,0.993420427,-9.999999851,16.63404184,-14.90652877,128.9633401,0.71875,0.8,0.681818181818182,"implicit","c2"
"5f71b12bd1bccb015adbc8d1",13.086159,1.258263085,-4.95120658,-19.99999971,15.61839197,109.8228039,0.28125,0.214285714285714,0.333333333333333,"implicit","c2"
"5f71b638abde5e02b9195ec1",5.988013828,0.17398978,-9.999996376,19.99997277,-6.31103399,120.9239476,0.67741935483871,1,0.62962962962963,"implicit","c2"
"5f71dfec152d6307c0637e66",-14.99994381,0.175461624,3.145519729,-19.99995423,-19.99994555,130.1369304,0.9375,0.9375,0.9375,"implicit","c2"
"5f75f66541d27f011212af83",13.07275832,0.271725934,-9.999986486,5.850581156,-19.99995311,122.5697005,0.5,0.375,0.625,"implicit","c1"
"5f767a59fb2b4b12f29eae05",6.790735113,0.474414408,-9.999999955,19.99999949,-13.33464134,123.9408522,0.6875,0.75,0.666666666666667,"implicit","c1"
"A1OU8F92A7M3MR",11.59490858,0.10217927,-9.9999843,-5.698069489,-19.99999212,131.3355462,0.84375,0.75,0.944444444444444,"implicit","c2"
"cjdjyyjfc",6.975644741,0.031697077,-9.995409309,0.438320908,-19.99999703,135.3252644,0.84375,0.75,0.9,"implicit","c2"
